Link
D0 Cu15 
1
0 	23000	 0	  15133.0
1
0 	23000	 0	  15133.0
Link
Cu15 D0 
1
0 	23000	 0	  15133.0
1
0 	23000	 0	  15133.0
Link
D0 Cu16 
1
0 	23000	 0	  20616.0
1
0 	23000	 0	  20616.0
Link
Cu16 D0 
1
0 	23000	 0	  20616.0
1
0 	23000	 0	  20616.0
Link
D0 Cu10 
1
0 	23000	 0	  16763.0
1
0 	23000	 0	  16763.0
Link
Cu10 D0 
1
0 	23000	 0	  16763.0
1
0 	23000	 0	  16763.0
Link
D0 Cu11 
1
0 	23000	 0	  38079.0
1
0 	23000	 0	  38079.0
Link
Cu11 D0 
1
0 	23000	 0	  38079.0
1
0 	23000	 0	  38079.0
Link
D0 Cu5 
1
0 	23000	 0	  30806.0
1
0 	23000	 0	  30806.0
Link
Cu5 D0 
1
0 	23000	 0	  30806.0
1
0 	23000	 0	  30806.0
Link
D0 Cu9 
1
0 	23000	 0	  10000.0
1
0 	23000	 0	  10000.0
Link
Cu9 D0 
1
0 	23000	 0	  10000.0
1
0 	23000	 0	  10000.0
Link
D0 Cu3 
1
0 	23000	 0	  20000.0
1
0 	23000	 0	  20000.0
Link
Cu3 D0 
1
0 	23000	 0	  20000.0
1
0 	23000	 0	  20000.0
Link
D0 Cu4 
1
0 	23000	 0	  20616.0
1
0 	23000	 0	  20616.0
Link
Cu4 D0 
1
0 	23000	 0	  20616.0
1
0 	23000	 0	  20616.0
Link
D0 Cu1 
1
0 	23000	 0	  38079.0
1
0 	23000	 0	  38079.0
Link
Cu1 D0 
1
0 	23000	 0	  38079.0
1
0 	23000	 0	  38079.0
Link
D0 Cu2 
1
0 	23000	 0	  35355.0
1
0 	23000	 0	  35355.0
Link
Cu2 D0 
1
0 	23000	 0	  35355.0
1
0 	23000	 0	  35355.0
Link
D0 Cu8 
1
0 	23000	 0	  16553.0
1
0 	23000	 0	  16553.0
Link
Cu8 D0 
1
0 	23000	 0	  16553.0
1
0 	23000	 0	  16553.0
Link
D0 Cu12 
1
0 	23000	 0	  35000.0
1
0 	23000	 0	  35000.0
Link
Cu12 D0 
1
0 	23000	 0	  35000.0
1
0 	23000	 0	  35000.0
Link
D0 Cu7 
1
0 	23000	 0	  35057.0
1
0 	23000	 0	  35057.0
Link
Cu7 D0 
1
0 	23000	 0	  35057.0
1
0 	23000	 0	  35057.0
Link
D0 Cu6 
1
0 	23000	 0	  45277.0
1
0 	23000	 0	  45277.0
Link
Cu6 D0 
1
0 	23000	 0	  45277.0
1
0 	23000	 0	  45277.0
Link
D0 Cu13 
1
0 	23000	 0	  20616.0
1
0 	23000	 0	  20616.0
Link
Cu13 D0 
1
0 	23000	 0	  20616.0
1
0 	23000	 0	  20616.0
Link
D0 Cu14 
1
0 	23000	 0	  12207.0
1
0 	23000	 0	  12207.0
Link
Cu14 D0 
1
0 	23000	 0	  12207.0
1
0 	23000	 0	  12207.0
Link
D0 Cu23 
1
0 	23000	 0	  47434.0
1
0 	23000	 0	  47434.0
Link
Cu23 D0 
1
0 	23000	 0	  47434.0
1
0 	23000	 0	  47434.0
Link
D0 Cu17 
1
0 	23000	 0	  19849.0
1
0 	23000	 0	  19849.0
Link
Cu17 D0 
1
0 	23000	 0	  19849.0
1
0 	23000	 0	  19849.0
Link
D0 Cu22 
1
0 	23000	 0	  51478.0
1
0 	23000	 0	  51478.0
Link
Cu22 D0 
1
0 	23000	 0	  51478.0
1
0 	23000	 0	  51478.0
Link
D0 Cu21 
1
0 	23000	 0	  29732.0
1
0 	23000	 0	  29732.0
Link
Cu21 D0 
1
0 	23000	 0	  29732.0
1
0 	23000	 0	  29732.0
Link
D0 Cu18 
1
0 	23000	 0	  20616.0
1
0 	23000	 0	  20616.0
Link
Cu18 D0 
1
0 	23000	 0	  20616.0
1
0 	23000	 0	  20616.0
Link
D0 Cu20 
1
0 	23000	 0	  33541.0
1
0 	23000	 0	  33541.0
Link
Cu20 D0 
1
0 	23000	 0	  33541.0
1
0 	23000	 0	  33541.0
Link
D0 Cu19 
1
0 	23000	 0	  30806.0
1
0 	23000	 0	  30806.0
Link
Cu19 D0 
1
0 	23000	 0	  30806.0
1
0 	23000	 0	  30806.0
Link
Cu15 D0 
1
0 	23000	 0	  15133.0
1
0 	23000	 0	  15133.0
Link
D0 Cu15 
1
0 	23000	 0	  15133.0
1
0 	23000	 0	  15133.0
Link
Cu15 Cu16 
1
0 	23000	 0	  2000.0
1
0 	23000	 0	  2000.0
Link
Cu16 Cu15 
1
0 	23000	 0	  2000.0
1
0 	23000	 0	  2000.0
Link
Cu15 Cu15 
1
0 	23000	 0	  1000.0
1
0 	23000	 0	  1000.0
Link
Cu15 Cu15 
1
0 	23000	 0	  1000.0
1
0 	23000	 0	  1000.0
Link
Cu15 Cu10 
1
0 	23000	 0	  2236.0
1
0 	23000	 0	  2236.0
Link
Cu10 Cu15 
1
0 	23000	 0	  2236.0
1
0 	23000	 0	  2236.0
Link
Cu15 Cu11 
1
0 	23000	 0	  21932.0
1
0 	23000	 0	  21932.0
Link
Cu11 Cu15 
1
0 	23000	 0	  21932.0
1
0 	23000	 0	  21932.0
Link
Cu15 Cu5 
1
0 	23000	 0	  18974.0
1
0 	23000	 0	  18974.0
Link
Cu5 Cu15 
1
0 	23000	 0	  18974.0
1
0 	23000	 0	  18974.0
Link
Cu15 Cu9 
1
0 	23000	 0	  16279.0
1
0 	23000	 0	  16279.0
Link
Cu9 Cu15 
1
0 	23000	 0	  16279.0
1
0 	23000	 0	  16279.0
Link
Cu15 Cu3 
1
0 	23000	 0	  25612.0
1
0 	23000	 0	  25612.0
Link
Cu3 Cu15 
1
0 	23000	 0	  25612.0
1
0 	23000	 0	  25612.0
Link
Cu15 Cu4 
1
0 	23000	 0	  22825.0
1
0 	23000	 0	  22825.0
Link
Cu4 Cu15 
1
0 	23000	 0	  22825.0
1
0 	23000	 0	  22825.0
Link
Cu15 Cu1 
1
0 	23000	 0	  46043.0
1
0 	23000	 0	  46043.0
Link
Cu1 Cu15 
1
0 	23000	 0	  46043.0
1
0 	23000	 0	  46043.0
Link
Cu15 Cu2 
1
0 	23000	 0	  40817.0
1
0 	23000	 0	  40817.0
Link
Cu2 Cu15 
1
0 	23000	 0	  40817.0
1
0 	23000	 0	  40817.0
Link
Cu15 Cu8 
1
0 	23000	 0	  31321.0
1
0 	23000	 0	  31321.0
Link
Cu8 Cu15 
1
0 	23000	 0	  31321.0
1
0 	23000	 0	  31321.0
Link
Cu15 Cu12 
1
0 	23000	 0	  50000.0
1
0 	23000	 0	  50000.0
Link
Cu12 Cu15 
1
0 	23000	 0	  50000.0
1
0 	23000	 0	  50000.0
Link
Cu15 Cu7 
1
0 	23000	 0	  50160.0
1
0 	23000	 0	  50160.0
Link
Cu7 Cu15 
1
0 	23000	 0	  50160.0
1
0 	23000	 0	  50160.0
Link
Cu15 Cu6 
1
0 	23000	 0	  60407.0
1
0 	23000	 0	  60407.0
Link
Cu6 Cu15 
1
0 	23000	 0	  60407.0
1
0 	23000	 0	  60407.0
Link
Cu15 Cu13 
1
0 	23000	 0	  35000.0
1
0 	23000	 0	  35000.0
Link
Cu13 Cu15 
1
0 	23000	 0	  35000.0
1
0 	23000	 0	  35000.0
Link
Cu15 Cu14 
1
0 	23000	 0	  25080.0
1
0 	23000	 0	  25080.0
Link
Cu14 Cu15 
1
0 	23000	 0	  25080.0
1
0 	23000	 0	  25080.0
Link
Cu15 Cu23 
1
0 	23000	 0	  50000.0
1
0 	23000	 0	  50000.0
Link
Cu23 Cu15 
1
0 	23000	 0	  50000.0
1
0 	23000	 0	  50000.0
Link
Cu15 Cu17 
1
0 	23000	 0	  31048.0
1
0 	23000	 0	  31048.0
Link
Cu17 Cu15 
1
0 	23000	 0	  31048.0
1
0 	23000	 0	  31048.0
Link
Cu15 Cu22 
1
0 	23000	 0	  56569.0
1
0 	23000	 0	  56569.0
Link
Cu22 Cu15 
1
0 	23000	 0	  56569.0
1
0 	23000	 0	  56569.0
Link
Cu15 Cu21 
1
0 	23000	 0	  23537.0
1
0 	23000	 0	  23537.0
Link
Cu21 Cu15 
1
0 	23000	 0	  23537.0
1
0 	23000	 0	  23537.0
Link
Cu15 Cu18 
1
0 	23000	 0	  15811.0
1
0 	23000	 0	  15811.0
Link
Cu18 Cu15 
1
0 	23000	 0	  15811.0
1
0 	23000	 0	  15811.0
Link
Cu15 Cu20 
1
0 	23000	 0	  15620.0
1
0 	23000	 0	  15620.0
Link
Cu20 Cu15 
1
0 	23000	 0	  15620.0
1
0 	23000	 0	  15620.0
Link
Cu15 Cu19 
1
0 	23000	 0	  14765.0
1
0 	23000	 0	  14765.0
Link
Cu19 Cu15 
1
0 	23000	 0	  14765.0
1
0 	23000	 0	  14765.0
Link
Cu16 D0 
1
0 	23000	 0	  20616.0
1
0 	23000	 0	  20616.0
Link
D0 Cu16 
1
0 	23000	 0	  20616.0
1
0 	23000	 0	  20616.0
Link
Cu16 Cu15 
1
0 	23000	 0	  2000.0
1
0 	23000	 0	  2000.0
Link
Cu15 Cu16 
1
0 	23000	 0	  2000.0
1
0 	23000	 0	  2000.0
Link
Cu16 Cu10 
1
0 	23000	 0	  7000.0
1
0 	23000	 0	  7000.0
Link
Cu10 Cu16 
1
0 	23000	 0	  7000.0
1
0 	23000	 0	  7000.0
Link
Cu16 Cu11 
1
0 	23000	 0	  25000.0
1
0 	23000	 0	  25000.0
Link
Cu11 Cu16 
1
0 	23000	 0	  25000.0
1
0 	23000	 0	  25000.0
Link
Cu16 Cu5 
1
0 	23000	 0	  23537.0
1
0 	23000	 0	  23537.0
Link
Cu5 Cu16 
1
0 	23000	 0	  23537.0
1
0 	23000	 0	  23537.0
Link
Cu16 Cu9 
1
0 	23000	 0	  22672.0
1
0 	23000	 0	  22672.0
Link
Cu9 Cu16 
1
0 	23000	 0	  22672.0
1
0 	23000	 0	  22672.0
Link
Cu16 Cu3 
1
0 	23000	 0	  32016.0
1
0 	23000	 0	  32016.0
Link
Cu3 Cu16 
1
0 	23000	 0	  32016.0
1
0 	23000	 0	  32016.0
Link
Cu16 Cu4 
1
0 	23000	 0	  29155.0
1
0 	23000	 0	  29155.0
Link
Cu4 Cu16 
1
0 	23000	 0	  29155.0
1
0 	23000	 0	  29155.0
Link
Cu16 Cu1 
1
0 	23000	 0	  52431.0
1
0 	23000	 0	  52431.0
Link
Cu1 Cu16 
1
0 	23000	 0	  52431.0
1
0 	23000	 0	  52431.0
Link
Cu16 Cu2 
1
0 	23000	 0	  47170.0
1
0 	23000	 0	  47170.0
Link
Cu2 Cu16 
1
0 	23000	 0	  47170.0
1
0 	23000	 0	  47170.0
Link
Cu16 Cu8 
1
0 	23000	 0	  37000.0
1
0 	23000	 0	  37000.0
Link
Cu8 Cu16 
1
0 	23000	 0	  37000.0
1
0 	23000	 0	  37000.0
Link
Cu16 Cu12 
1
0 	23000	 0	  55082.0
1
0 	23000	 0	  55082.0
Link
Cu12 Cu16 
1
0 	23000	 0	  55082.0
1
0 	23000	 0	  55082.0
Link
Cu16 Cu7 
1
0 	23000	 0	  55444.0
1
0 	23000	 0	  55444.0
Link
Cu7 Cu16 
1
0 	23000	 0	  55444.0
1
0 	23000	 0	  55444.0
Link
Cu16 Cu6 
1
0 	23000	 0	  65765.0
1
0 	23000	 0	  65765.0
Link
Cu6 Cu16 
1
0 	23000	 0	  65765.0
1
0 	23000	 0	  65765.0
Link
Cu16 Cu13 
1
0 	23000	 0	  40000.0
1
0 	23000	 0	  40000.0
Link
Cu13 Cu16 
1
0 	23000	 0	  40000.0
1
0 	23000	 0	  40000.0
Link
Cu16 Cu14 
1
0 	23000	 0	  30067.0
1
0 	23000	 0	  30067.0
Link
Cu14 Cu16 
1
0 	23000	 0	  30067.0
1
0 	23000	 0	  30067.0
Link
Cu16 Cu23 
1
0 	23000	 0	  53151.0
1
0 	23000	 0	  53151.0
Link
Cu23 Cu16 
1
0 	23000	 0	  53151.0
1
0 	23000	 0	  53151.0
Link
Cu16 Cu17 
1
0 	23000	 0	  35903.0
1
0 	23000	 0	  35903.0
Link
Cu17 Cu16 
1
0 	23000	 0	  35903.0
1
0 	23000	 0	  35903.0
Link
Cu16 Cu22 
1
0 	23000	 0	  60208.0
1
0 	23000	 0	  60208.0
Link
Cu22 Cu16 
1
0 	23000	 0	  60208.0
1
0 	23000	 0	  60208.0
Link
Cu16 Cu21 
1
0 	23000	 0	  25080.0
1
0 	23000	 0	  25080.0
Link
Cu21 Cu16 
1
0 	23000	 0	  25080.0
1
0 	23000	 0	  25080.0
Link
Cu16 Cu18 
1
0 	23000	 0	  18028.0
1
0 	23000	 0	  18028.0
Link
Cu18 Cu16 
1
0 	23000	 0	  18028.0
1
0 	23000	 0	  18028.0
Link
Cu16 Cu20 
1
0 	23000	 0	  14142.0
1
0 	23000	 0	  14142.0
Link
Cu20 Cu16 
1
0 	23000	 0	  14142.0
1
0 	23000	 0	  14142.0
Link
Cu16 Cu19 
1
0 	23000	 0	  13928.0
1
0 	23000	 0	  13928.0
Link
Cu19 Cu16 
1
0 	23000	 0	  13928.0
1
0 	23000	 0	  13928.0
Link
Cu10 D0 
1
0 	23000	 0	  16763.0
1
0 	23000	 0	  16763.0
Link
D0 Cu10 
1
0 	23000	 0	  16763.0
1
0 	23000	 0	  16763.0
Link
Cu10 Cu15 
1
0 	23000	 0	  2236.0
1
0 	23000	 0	  2236.0
Link
Cu15 Cu10 
1
0 	23000	 0	  2236.0
1
0 	23000	 0	  2236.0
Link
Cu10 Cu16 
1
0 	23000	 0	  7000.0
1
0 	23000	 0	  7000.0
Link
Cu16 Cu10 
1
0 	23000	 0	  7000.0
1
0 	23000	 0	  7000.0
Link
Cu10 Cu10 
1
0 	23000	 0	  2000.0
1
0 	23000	 0	  2000.0
Link
Cu10 Cu10 
1
0 	23000	 0	  2000.0
1
0 	23000	 0	  2000.0
Link
Cu10 Cu11 
1
0 	23000	 0	  18868.0
1
0 	23000	 0	  18868.0
Link
Cu11 Cu10 
1
0 	23000	 0	  18868.0
1
0 	23000	 0	  18868.0
Link
Cu10 Cu5 
1
0 	23000	 0	  14318.0
1
0 	23000	 0	  14318.0
Link
Cu5 Cu10 
1
0 	23000	 0	  14318.0
1
0 	23000	 0	  14318.0
Link
Cu10 Cu9 
1
0 	23000	 0	  13038.0
1
0 	23000	 0	  13038.0
Link
Cu9 Cu10 
1
0 	23000	 0	  13038.0
1
0 	23000	 0	  13038.0
Link
Cu10 Cu3 
1
0 	23000	 0	  21932.0
1
0 	23000	 0	  21932.0
Link
Cu3 Cu10 
1
0 	23000	 0	  21932.0
1
0 	23000	 0	  21932.0
Link
Cu10 Cu4 
1
0 	23000	 0	  18601.0
1
0 	23000	 0	  18601.0
Link
Cu4 Cu10 
1
0 	23000	 0	  18601.0
1
0 	23000	 0	  18601.0
Link
Cu10 Cu1 
1
0 	23000	 0	  42012.0
1
0 	23000	 0	  42012.0
Link
Cu1 Cu10 
1
0 	23000	 0	  42012.0
1
0 	23000	 0	  42012.0
Link
Cu10 Cu2 
1
0 	23000	 0	  36620.0
1
0 	23000	 0	  36620.0
Link
Cu2 Cu10 
1
0 	23000	 0	  36620.0
1
0 	23000	 0	  36620.0
Link
Cu10 Cu8 
1
0 	23000	 0	  31064.0
1
0 	23000	 0	  31064.0
Link
Cu8 Cu10 
1
0 	23000	 0	  31064.0
1
0 	23000	 0	  31064.0
Link
Cu10 Cu12 
1
0 	23000	 0	  51245.0
1
0 	23000	 0	  51245.0
Link
Cu12 Cu10 
1
0 	23000	 0	  51245.0
1
0 	23000	 0	  51245.0
Link
Cu10 Cu7 
1
0 	23000	 0	  51088.0
1
0 	23000	 0	  51088.0
Link
Cu7 Cu10 
1
0 	23000	 0	  51088.0
1
0 	23000	 0	  51088.0
Link
Cu10 Cu6 
1
0 	23000	 0	  61000.0
1
0 	23000	 0	  61000.0
Link
Cu6 Cu10 
1
0 	23000	 0	  61000.0
1
0 	23000	 0	  61000.0
Link
Cu10 Cu13 
1
0 	23000	 0	  37363.0
1
0 	23000	 0	  37363.0
Link
Cu13 Cu10 
1
0 	23000	 0	  37363.0
1
0 	23000	 0	  37363.0
Link
Cu10 Cu14 
1
0 	23000	 0	  28636.0
1
0 	23000	 0	  28636.0
Link
Cu14 Cu10 
1
0 	23000	 0	  28636.0
1
0 	23000	 0	  28636.0
Link
Cu10 Cu23 
1
0 	23000	 0	  57428.0
1
0 	23000	 0	  57428.0
Link
Cu23 Cu10 
1
0 	23000	 0	  57428.0
1
0 	23000	 0	  57428.0
Link
Cu10 Cu17 
1
0 	23000	 0	  35847.0
1
0 	23000	 0	  35847.0
Link
Cu17 Cu10 
1
0 	23000	 0	  35847.0
1
0 	23000	 0	  35847.0
Link
Cu10 Cu22 
1
0 	23000	 0	  63702.0
1
0 	23000	 0	  63702.0
Link
Cu22 Cu10 
1
0 	23000	 0	  63702.0
1
0 	23000	 0	  63702.0
Link
Cu10 Cu21 
1
0 	23000	 0	  31048.0
1
0 	23000	 0	  31048.0
Link
Cu21 Cu10 
1
0 	23000	 0	  31048.0
1
0 	23000	 0	  31048.0
Link
Cu10 Cu18 
1
0 	23000	 0	  23409.0
1
0 	23000	 0	  23409.0
Link
Cu18 Cu10 
1
0 	23000	 0	  23409.0
1
0 	23000	 0	  23409.0
Link
Cu10 Cu20 
1
0 	23000	 0	  19723.0
1
0 	23000	 0	  19723.0
Link
Cu20 Cu10 
1
0 	23000	 0	  19723.0
1
0 	23000	 0	  19723.0
Link
Cu10 Cu19 
1
0 	23000	 0	  20616.0
1
0 	23000	 0	  20616.0
Link
Cu19 Cu10 
1
0 	23000	 0	  20616.0
1
0 	23000	 0	  20616.0
Link
Cu11 D0 
1
0 	23000	 0	  38079.0
1
0 	23000	 0	  38079.0
Link
D0 Cu11 
1
0 	23000	 0	  38079.0
1
0 	23000	 0	  38079.0
Link
Cu11 Cu15 
1
0 	23000	 0	  21932.0
1
0 	23000	 0	  21932.0
Link
Cu15 Cu11 
1
0 	23000	 0	  21932.0
1
0 	23000	 0	  21932.0
Link
Cu11 Cu16 
1
0 	23000	 0	  25000.0
1
0 	23000	 0	  25000.0
Link
Cu16 Cu11 
1
0 	23000	 0	  25000.0
1
0 	23000	 0	  25000.0
Link
Cu11 Cu10 
1
0 	23000	 0	  18868.0
1
0 	23000	 0	  18868.0
Link
Cu10 Cu11 
1
0 	23000	 0	  18868.0
1
0 	23000	 0	  18868.0
Link
Cu11 Cu5 
1
0 	23000	 0	  2000.0
1
0 	23000	 0	  2000.0
Link
Cu5 Cu11 
1
0 	23000	 0	  2000.0
1
0 	23000	 0	  2000.0
Link
Cu11 Cu11 
1
0 	23000	 0	  3000.0
1
0 	23000	 0	  3000.0
Link
Cu11 Cu11 
1
0 	23000	 0	  3000.0
1
0 	23000	 0	  3000.0
Link
Cu11 Cu9 
1
0 	23000	 0	  30000.0
1
0 	23000	 0	  30000.0
Link
Cu9 Cu11 
1
0 	23000	 0	  30000.0
1
0 	23000	 0	  30000.0
Link
Cu11 Cu3 
1
0 	23000	 0	  35057.0
1
0 	23000	 0	  35057.0
Link
Cu3 Cu11 
1
0 	23000	 0	  35057.0
1
0 	23000	 0	  35057.0
Link
Cu11 Cu4 
1
0 	23000	 0	  30067.0
1
0 	23000	 0	  30067.0
Link
Cu4 Cu11 
1
0 	23000	 0	  30067.0
1
0 	23000	 0	  30067.0
Link
Cu11 Cu1 
1
0 	23000	 0	  49244.0
1
0 	23000	 0	  49244.0
Link
Cu1 Cu11 
1
0 	23000	 0	  49244.0
1
0 	23000	 0	  49244.0
Link
Cu11 Cu2 
1
0 	23000	 0	  43463.0
1
0 	23000	 0	  43463.0
Link
Cu2 Cu11 
1
0 	23000	 0	  43463.0
1
0 	23000	 0	  43463.0
Link
Cu11 Cu8 
1
0 	23000	 0	  50000.0
1
0 	23000	 0	  50000.0
Link
Cu8 Cu11 
1
0 	23000	 0	  50000.0
1
0 	23000	 0	  50000.0
Link
Cu11 Cu12 
1
0 	23000	 0	  71589.0
1
0 	23000	 0	  71589.0
Link
Cu12 Cu11 
1
0 	23000	 0	  71589.0
1
0 	23000	 0	  71589.0
Link
Cu11 Cu7 
1
0 	23000	 0	  71197.0
1
0 	23000	 0	  71197.0
Link
Cu7 Cu11 
1
0 	23000	 0	  71197.0
1
0 	23000	 0	  71197.0
Link
Cu11 Cu6 
1
0 	23000	 0	  80623.0
1
0 	23000	 0	  80623.0
Link
Cu6 Cu11 
1
0 	23000	 0	  80623.0
1
0 	23000	 0	  80623.0
Link
Cu11 Cu13 
1
0 	23000	 0	  58523.0
1
0 	23000	 0	  58523.0
Link
Cu13 Cu11 
1
0 	23000	 0	  58523.0
1
0 	23000	 0	  58523.0
Link
Cu11 Cu14 
1
0 	23000	 0	  50090.0
1
0 	23000	 0	  50090.0
Link
Cu14 Cu11 
1
0 	23000	 0	  50090.0
1
0 	23000	 0	  50090.0
Link
Cu11 Cu23 
1
0 	23000	 0	  78102.0
1
0 	23000	 0	  78102.0
Link
Cu23 Cu11 
1
0 	23000	 0	  78102.0
1
0 	23000	 0	  78102.0
Link
Cu11 Cu17 
1
0 	23000	 0	  57306.0
1
0 	23000	 0	  57306.0
Link
Cu17 Cu11 
1
0 	23000	 0	  57306.0
1
0 	23000	 0	  57306.0
Link
Cu11 Cu22 
1
0 	23000	 0	  84853.0
1
0 	23000	 0	  84853.0
Link
Cu22 Cu11 
1
0 	23000	 0	  84853.0
1
0 	23000	 0	  84853.0
Link
Cu11 Cu21 
1
0 	23000	 0	  49739.0
1
0 	23000	 0	  49739.0
Link
Cu21 Cu11 
1
0 	23000	 0	  49739.0
1
0 	23000	 0	  49739.0
Link
Cu11 Cu18 
1
0 	23000	 0	  43012.0
1
0 	23000	 0	  43012.0
Link
Cu18 Cu11 
1
0 	23000	 0	  43012.0
1
0 	23000	 0	  43012.0
Link
Cu11 Cu20 
1
0 	23000	 0	  30000.0
1
0 	23000	 0	  30000.0
Link
Cu20 Cu11 
1
0 	23000	 0	  30000.0
1
0 	23000	 0	  30000.0
Link
Cu11 Cu19 
1
0 	23000	 0	  34482.0
1
0 	23000	 0	  34482.0
Link
Cu19 Cu11 
1
0 	23000	 0	  34482.0
1
0 	23000	 0	  34482.0
Link
Cu5 D0 
1
0 	23000	 0	  30806.0
1
0 	23000	 0	  30806.0
Link
D0 Cu5 
1
0 	23000	 0	  30806.0
1
0 	23000	 0	  30806.0
Link
Cu5 Cu15 
1
0 	23000	 0	  18974.0
1
0 	23000	 0	  18974.0
Link
Cu15 Cu5 
1
0 	23000	 0	  18974.0
1
0 	23000	 0	  18974.0
Link
Cu5 Cu16 
1
0 	23000	 0	  23537.0
1
0 	23000	 0	  23537.0
Link
Cu16 Cu5 
1
0 	23000	 0	  23537.0
1
0 	23000	 0	  23537.0
Link
Cu5 Cu10 
1
0 	23000	 0	  14318.0
1
0 	23000	 0	  14318.0
Link
Cu10 Cu5 
1
0 	23000	 0	  14318.0
1
0 	23000	 0	  14318.0
Link
Cu5 Cu11 
1
0 	23000	 0	  2000.0
1
0 	23000	 0	  2000.0
Link
Cu11 Cu5 
1
0 	23000	 0	  2000.0
1
0 	23000	 0	  2000.0
Link
Cu5 Cu5 
1
0 	23000	 0	  3000.0
1
0 	23000	 0	  3000.0
Link
Cu5 Cu5 
1
0 	23000	 0	  3000.0
1
0 	23000	 0	  3000.0
Link
Cu5 Cu9 
1
0 	23000	 0	  20025.0
1
0 	23000	 0	  20025.0
Link
Cu9 Cu5 
1
0 	23000	 0	  20025.0
1
0 	23000	 0	  20025.0
Link
Cu5 Cu3 
1
0 	23000	 0	  25080.0
1
0 	23000	 0	  25080.0
Link
Cu3 Cu5 
1
0 	23000	 0	  25080.0
1
0 	23000	 0	  25080.0
Link
Cu5 Cu4 
1
0 	23000	 0	  20100.0
1
0 	23000	 0	  20100.0
Link
Cu4 Cu5 
1
0 	23000	 0	  20100.0
1
0 	23000	 0	  20100.0
Link
Cu5 Cu1 
1
0 	23000	 0	  37336.0
1
0 	23000	 0	  37336.0
Link
Cu1 Cu5 
1
0 	23000	 0	  37336.0
1
0 	23000	 0	  37336.0
Link
Cu5 Cu2 
1
0 	23000	 0	  31623.0
1
0 	23000	 0	  31623.0
Link
Cu2 Cu5 
1
0 	23000	 0	  31623.0
1
0 	23000	 0	  31623.0
Link
Cu5 Cu8 
1
0 	23000	 0	  40112.0
1
0 	23000	 0	  40112.0
Link
Cu8 Cu5 
1
0 	23000	 0	  40112.0
1
0 	23000	 0	  40112.0
Link
Cu5 Cu12 
1
0 	23000	 0	  62642.0
1
0 	23000	 0	  62642.0
Link
Cu12 Cu5 
1
0 	23000	 0	  62642.0
1
0 	23000	 0	  62642.0
Link
Cu5 Cu7 
1
0 	23000	 0	  62097.0
1
0 	23000	 0	  62097.0
Link
Cu7 Cu5 
1
0 	23000	 0	  62097.0
1
0 	23000	 0	  62097.0
Link
Cu5 Cu6 
1
0 	23000	 0	  71197.0
1
0 	23000	 0	  71197.0
Link
Cu6 Cu5 
1
0 	23000	 0	  71197.0
1
0 	23000	 0	  71197.0
Link
Cu5 Cu13 
1
0 	23000	 0	  50537.0
1
0 	23000	 0	  50537.0
Link
Cu13 Cu5 
1
0 	23000	 0	  50537.0
1
0 	23000	 0	  50537.0
Link
Cu5 Cu14 
1
0 	23000	 0	  43012.0
1
0 	23000	 0	  43012.0
Link
Cu14 Cu5 
1
0 	23000	 0	  43012.0
1
0 	23000	 0	  43012.0
Link
Cu5 Cu23 
1
0 	23000	 0	  74626.0
1
0 	23000	 0	  74626.0
Link
Cu23 Cu5 
1
0 	23000	 0	  74626.0
1
0 	23000	 0	  74626.0
Link
Cu5 Cu17 
1
0 	23000	 0	  50606.0
1
0 	23000	 0	  50606.0
Link
Cu17 Cu5 
1
0 	23000	 0	  50606.0
1
0 	23000	 0	  50606.0
Link
Cu5 Cu22 
1
0 	23000	 0	  80430.0
1
0 	23000	 0	  80430.0
Link
Cu22 Cu5 
1
0 	23000	 0	  80430.0
1
0 	23000	 0	  80430.0
Link
Cu5 Cu21 
1
0 	23000	 0	  48384.0
1
0 	23000	 0	  48384.0
Link
Cu21 Cu5 
1
0 	23000	 0	  48384.0
1
0 	23000	 0	  48384.0
Link
Cu5 Cu18 
1
0 	23000	 0	  40853.0
1
0 	23000	 0	  40853.0
Link
Cu18 Cu5 
1
0 	23000	 0	  40853.0
1
0 	23000	 0	  40853.0
Link
Cu5 Cu20 
1
0 	23000	 0	  33377.0
1
0 	23000	 0	  33377.0
Link
Cu20 Cu5 
1
0 	23000	 0	  33377.0
1
0 	23000	 0	  33377.0
Link
Cu5 Cu19 
1
0 	23000	 0	  36000.0
1
0 	23000	 0	  36000.0
Link
Cu19 Cu5 
1
0 	23000	 0	  36000.0
1
0 	23000	 0	  36000.0
Link
Cu9 D0 
1
0 	23000	 0	  10000.0
1
0 	23000	 0	  10000.0
Link
D0 Cu9 
1
0 	23000	 0	  10000.0
1
0 	23000	 0	  10000.0
Link
Cu9 Cu15 
1
0 	23000	 0	  16279.0
1
0 	23000	 0	  16279.0
Link
Cu15 Cu9 
1
0 	23000	 0	  16279.0
1
0 	23000	 0	  16279.0
Link
Cu9 Cu16 
1
0 	23000	 0	  22672.0
1
0 	23000	 0	  22672.0
Link
Cu16 Cu9 
1
0 	23000	 0	  22672.0
1
0 	23000	 0	  22672.0
Link
Cu9 Cu10 
1
0 	23000	 0	  13038.0
1
0 	23000	 0	  13038.0
Link
Cu10 Cu9 
1
0 	23000	 0	  13038.0
1
0 	23000	 0	  13038.0
Link
Cu9 Cu11 
1
0 	23000	 0	  30000.0
1
0 	23000	 0	  30000.0
Link
Cu11 Cu9 
1
0 	23000	 0	  30000.0
1
0 	23000	 0	  30000.0
Link
Cu9 Cu5 
1
0 	23000	 0	  20025.0
1
0 	23000	 0	  20025.0
Link
Cu5 Cu9 
1
0 	23000	 0	  20025.0
1
0 	23000	 0	  20025.0
Link
Cu9 Cu9 
1
0 	23000	 0	  2000.0
1
0 	23000	 0	  2000.0
Link
Cu9 Cu9 
1
0 	23000	 0	  2000.0
1
0 	23000	 0	  2000.0
Link
Cu9 Cu3 
1
0 	23000	 0	  3606.0
1
0 	23000	 0	  3606.0
Link
Cu3 Cu9 
1
0 	23000	 0	  3606.0
1
0 	23000	 0	  3606.0
Link
Cu9 Cu4 
1
0 	23000	 0	  3000.0
1
0 	23000	 0	  3000.0
Link
Cu4 Cu9 
1
0 	23000	 0	  3000.0
1
0 	23000	 0	  3000.0
Link
Cu9 Cu1 
1
0 	23000	 0	  24187.0
1
0 	23000	 0	  24187.0
Link
Cu1 Cu9 
1
0 	23000	 0	  24187.0
1
0 	23000	 0	  24187.0
Link
Cu9 Cu2 
1
0 	23000	 0	  19313.0
1
0 	23000	 0	  19313.0
Link
Cu2 Cu9 
1
0 	23000	 0	  19313.0
1
0 	23000	 0	  19313.0
Link
Cu9 Cu8 
1
0 	23000	 0	  15000.0
1
0 	23000	 0	  15000.0
Link
Cu8 Cu9 
1
0 	23000	 0	  15000.0
1
0 	23000	 0	  15000.0
Link
Cu9 Cu12 
1
0 	23000	 0	  36401.0
1
0 	23000	 0	  36401.0
Link
Cu12 Cu9 
1
0 	23000	 0	  36401.0
1
0 	23000	 0	  36401.0
Link
Cu9 Cu7 
1
0 	23000	 0	  35903.0
1
0 	23000	 0	  35903.0
Link
Cu7 Cu9 
1
0 	23000	 0	  35903.0
1
0 	23000	 0	  35903.0
Link
Cu9 Cu6 
1
0 	23000	 0	  45277.0
1
0 	23000	 0	  45277.0
Link
Cu6 Cu9 
1
0 	23000	 0	  45277.0
1
0 	23000	 0	  45277.0
Link
Cu9 Cu13 
1
0 	23000	 0	  25000.0
1
0 	23000	 0	  25000.0
Link
Cu13 Cu9 
1
0 	23000	 0	  25000.0
1
0 	23000	 0	  25000.0
Link
Cu9 Cu14 
1
0 	23000	 0	  19723.0
1
0 	23000	 0	  19723.0
Link
Cu14 Cu9 
1
0 	23000	 0	  19723.0
1
0 	23000	 0	  19723.0
Link
Cu9 Cu23 
1
0 	23000	 0	  57009.0
1
0 	23000	 0	  57009.0
Link
Cu23 Cu9 
1
0 	23000	 0	  57009.0
1
0 	23000	 0	  57009.0
Link
Cu9 Cu17 
1
0 	23000	 0	  27459.0
1
0 	23000	 0	  27459.0
Link
Cu17 Cu9 
1
0 	23000	 0	  27459.0
1
0 	23000	 0	  27459.0
Link
Cu9 Cu22 
1
0 	23000	 0	  60415.0
1
0 	23000	 0	  60415.0
Link
Cu22 Cu9 
1
0 	23000	 0	  60415.0
1
0 	23000	 0	  60415.0
Link
Cu9 Cu21 
1
0 	23000	 0	  38833.0
1
0 	23000	 0	  38833.0
Link
Cu21 Cu9 
1
0 	23000	 0	  38833.0
1
0 	23000	 0	  38833.0
Link
Cu9 Cu18 
1
0 	23000	 0	  30150.0
1
0 	23000	 0	  30150.0
Link
Cu18 Cu9 
1
0 	23000	 0	  30150.0
1
0 	23000	 0	  30150.0
Link
Cu9 Cu20 
1
0 	23000	 0	  36797.0
1
0 	23000	 0	  36797.0
Link
Cu20 Cu9 
1
0 	23000	 0	  36797.0
1
0 	23000	 0	  36797.0
Link
Cu9 Cu19 
1
0 	23000	 0	  36056.0
1
0 	23000	 0	  36056.0
Link
Cu19 Cu9 
1
0 	23000	 0	  36056.0
1
0 	23000	 0	  36056.0
Link
Cu3 D0 
1
0 	23000	 0	  20000.0
1
0 	23000	 0	  20000.0
Link
D0 Cu3 
1
0 	23000	 0	  20000.0
1
0 	23000	 0	  20000.0
Link
Cu3 Cu15 
1
0 	23000	 0	  25612.0
1
0 	23000	 0	  25612.0
Link
Cu15 Cu3 
1
0 	23000	 0	  25612.0
1
0 	23000	 0	  25612.0
Link
Cu3 Cu16 
1
0 	23000	 0	  32016.0
1
0 	23000	 0	  32016.0
Link
Cu16 Cu3 
1
0 	23000	 0	  32016.0
1
0 	23000	 0	  32016.0
Link
Cu3 Cu10 
1
0 	23000	 0	  21932.0
1
0 	23000	 0	  21932.0
Link
Cu10 Cu3 
1
0 	23000	 0	  21932.0
1
0 	23000	 0	  21932.0
Link
Cu3 Cu11 
1
0 	23000	 0	  35057.0
1
0 	23000	 0	  35057.0
Link
Cu11 Cu3 
1
0 	23000	 0	  35057.0
1
0 	23000	 0	  35057.0
Link
Cu3 Cu5 
1
0 	23000	 0	  25080.0
1
0 	23000	 0	  25080.0
Link
Cu5 Cu3 
1
0 	23000	 0	  25080.0
1
0 	23000	 0	  25080.0
Link
Cu3 Cu9 
1
0 	23000	 0	  3606.0
1
0 	23000	 0	  3606.0
Link
Cu9 Cu3 
1
0 	23000	 0	  3606.0
1
0 	23000	 0	  3606.0
Link
Cu3 Cu4 
1
0 	23000	 0	  5000.0
1
0 	23000	 0	  5000.0
Link
Cu4 Cu3 
1
0 	23000	 0	  5000.0
1
0 	23000	 0	  5000.0
Link
Cu3 Cu3 
1
0 	23000	 0	  2000.0
1
0 	23000	 0	  2000.0
Link
Cu3 Cu3 
1
0 	23000	 0	  2000.0
1
0 	23000	 0	  2000.0
Link
Cu3 Cu1 
1
0 	23000	 0	  5000.0
1
0 	23000	 0	  5000.0
Link
Cu1 Cu3 
1
0 	23000	 0	  5000.0
1
0 	23000	 0	  5000.0
Link
Cu3 Cu2 
1
0 	23000	 0	  3000.0
1
0 	23000	 0	  3000.0
Link
Cu2 Cu3 
1
0 	23000	 0	  3000.0
1
0 	23000	 0	  3000.0
Link
Cu3 Cu8 
1
0 	23000	 0	  15000.0
1
0 	23000	 0	  15000.0
Link
Cu8 Cu3 
1
0 	23000	 0	  15000.0
1
0 	23000	 0	  15000.0
Link
Cu3 Cu12 
1
0 	23000	 0	  36056.0
1
0 	23000	 0	  36056.0
Link
Cu12 Cu3 
1
0 	23000	 0	  36056.0
1
0 	23000	 0	  36056.0
Link
Cu3 Cu7 
1
0 	23000	 0	  34409.0
1
0 	23000	 0	  34409.0
Link
Cu7 Cu3 
1
0 	23000	 0	  34409.0
1
0 	23000	 0	  34409.0
Link
Cu3 Cu6 
1
0 	23000	 0	  39051.0
1
0 	23000	 0	  39051.0
Link
Cu6 Cu3 
1
0 	23000	 0	  39051.0
1
0 	23000	 0	  39051.0
Link
Cu3 Cu13 
1
0 	23000	 0	  32016.0
1
0 	23000	 0	  32016.0
Link
Cu13 Cu3 
1
0 	23000	 0	  32016.0
1
0 	23000	 0	  32016.0
Link
Cu3 Cu14 
1
0 	23000	 0	  28792.0
1
0 	23000	 0	  28792.0
Link
Cu14 Cu3 
1
0 	23000	 0	  28792.0
1
0 	23000	 0	  28792.0
Link
Cu3 Cu23 
1
0 	23000	 0	  66708.0
1
0 	23000	 0	  66708.0
Link
Cu23 Cu3 
1
0 	23000	 0	  66708.0
1
0 	23000	 0	  66708.0
Link
Cu3 Cu17 
1
0 	23000	 0	  36249.0
1
0 	23000	 0	  36249.0
Link
Cu17 Cu3 
1
0 	23000	 0	  36249.0
1
0 	23000	 0	  36249.0
Link
Cu3 Cu22 
1
0 	23000	 0	  69642.0
1
0 	23000	 0	  69642.0
Link
Cu22 Cu3 
1
0 	23000	 0	  69642.0
1
0 	23000	 0	  69642.0
Link
Cu3 Cu21 
1
0 	23000	 0	  49031.0
1
0 	23000	 0	  49031.0
Link
Cu21 Cu3 
1
0 	23000	 0	  49031.0
1
0 	23000	 0	  49031.0
Link
Cu3 Cu18 
1
0 	23000	 0	  40311.0
1
0 	23000	 0	  40311.0
Link
Cu18 Cu3 
1
0 	23000	 0	  40311.0
1
0 	23000	 0	  40311.0
Link
Cu3 Cu20 
1
0 	23000	 0	  46098.0
1
0 	23000	 0	  46098.0
Link
Cu20 Cu3 
1
0 	23000	 0	  46098.0
1
0 	23000	 0	  46098.0
Link
Cu3 Cu19 
1
0 	23000	 0	  45486.0
1
0 	23000	 0	  45486.0
Link
Cu19 Cu3 
1
0 	23000	 0	  45486.0
1
0 	23000	 0	  45486.0
Link
Cu4 D0 
1
0 	23000	 0	  20616.0
1
0 	23000	 0	  20616.0
Link
D0 Cu4 
1
0 	23000	 0	  20616.0
1
0 	23000	 0	  20616.0
Link
Cu4 Cu15 
1
0 	23000	 0	  22825.0
1
0 	23000	 0	  22825.0
Link
Cu15 Cu4 
1
0 	23000	 0	  22825.0
1
0 	23000	 0	  22825.0
Link
Cu4 Cu16 
1
0 	23000	 0	  29155.0
1
0 	23000	 0	  29155.0
Link
Cu16 Cu4 
1
0 	23000	 0	  29155.0
1
0 	23000	 0	  29155.0
Link
Cu4 Cu10 
1
0 	23000	 0	  18601.0
1
0 	23000	 0	  18601.0
Link
Cu10 Cu4 
1
0 	23000	 0	  18601.0
1
0 	23000	 0	  18601.0
Link
Cu4 Cu11 
1
0 	23000	 0	  30067.0
1
0 	23000	 0	  30067.0
Link
Cu11 Cu4 
1
0 	23000	 0	  30067.0
1
0 	23000	 0	  30067.0
Link
Cu4 Cu5 
1
0 	23000	 0	  20100.0
1
0 	23000	 0	  20100.0
Link
Cu5 Cu4 
1
0 	23000	 0	  20100.0
1
0 	23000	 0	  20100.0
Link
Cu4 Cu9 
1
0 	23000	 0	  3000.0
1
0 	23000	 0	  3000.0
Link
Cu9 Cu4 
1
0 	23000	 0	  3000.0
1
0 	23000	 0	  3000.0
Link
Cu4 Cu3 
1
0 	23000	 0	  5000.0
1
0 	23000	 0	  5000.0
Link
Cu3 Cu4 
1
0 	23000	 0	  5000.0
1
0 	23000	 0	  5000.0
Link
Cu4 Cu1 
1
0 	23000	 0	  23431.0
1
0 	23000	 0	  23431.0
Link
Cu1 Cu4 
1
0 	23000	 0	  23431.0
1
0 	23000	 0	  23431.0
Link
Cu4 Cu2 
1
0 	23000	 0	  18028.0
1
0 	23000	 0	  18028.0
Link
Cu2 Cu4 
1
0 	23000	 0	  18028.0
1
0 	23000	 0	  18028.0
Link
Cu4 Cu8 
1
0 	23000	 0	  20616.0
1
0 	23000	 0	  20616.0
Link
Cu8 Cu4 
1
0 	23000	 0	  20616.0
1
0 	23000	 0	  20616.0
Link
Cu4 Cu12 
1
0 	23000	 0	  44721.0
1
0 	23000	 0	  44721.0
Link
Cu12 Cu4 
1
0 	23000	 0	  44721.0
1
0 	23000	 0	  44721.0
Link
Cu4 Cu7 
1
0 	23000	 0	  43863.0
1
0 	23000	 0	  43863.0
Link
Cu7 Cu4 
1
0 	23000	 0	  43863.0
1
0 	23000	 0	  43863.0
Link
Cu4 Cu6 
1
0 	23000	 0	  52202.0
1
0 	23000	 0	  52202.0
Link
Cu6 Cu4 
1
0 	23000	 0	  52202.0
1
0 	23000	 0	  52202.0
Link
Cu4 Cu13 
1
0 	23000	 0	  35355.0
1
0 	23000	 0	  35355.0
Link
Cu13 Cu4 
1
0 	23000	 0	  35355.0
1
0 	23000	 0	  35355.0
Link
Cu4 Cu14 
1
0 	23000	 0	  30887.0
1
0 	23000	 0	  30887.0
Link
Cu14 Cu4 
1
0 	23000	 0	  30887.0
1
0 	23000	 0	  30887.0
Link
Cu4 Cu23 
1
0 	23000	 0	  68007.0
1
0 	23000	 0	  68007.0
Link
Cu23 Cu4 
1
0 	23000	 0	  68007.0
1
0 	23000	 0	  68007.0
Link
Cu4 Cu17 
1
0 	23000	 0	  38588.0
1
0 	23000	 0	  38588.0
Link
Cu17 Cu4 
1
0 	23000	 0	  38588.0
1
0 	23000	 0	  38588.0
Link
Cu4 Cu22 
1
0 	23000	 0	  71589.0
1
0 	23000	 0	  71589.0
Link
Cu22 Cu4 
1
0 	23000	 0	  71589.0
1
0 	23000	 0	  71589.0
Link
Cu4 Cu21 
1
0 	23000	 0	  48260.0
1
0 	23000	 0	  48260.0
Link
Cu21 Cu4 
1
0 	23000	 0	  48260.0
1
0 	23000	 0	  48260.0
Link
Cu4 Cu18 
1
0 	23000	 0	  40000.0
1
0 	23000	 0	  40000.0
Link
Cu18 Cu4 
1
0 	23000	 0	  40000.0
1
0 	23000	 0	  40000.0
Link
Cu4 Cu20 
1
0 	23000	 0	  43012.0
1
0 	23000	 0	  43012.0
Link
Cu20 Cu4 
1
0 	23000	 0	  43012.0
1
0 	23000	 0	  43012.0
Link
Cu4 Cu19 
1
0 	23000	 0	  42942.0
1
0 	23000	 0	  42942.0
Link
Cu19 Cu4 
1
0 	23000	 0	  42942.0
1
0 	23000	 0	  42942.0
Link
Cu1 D0 
1
0 	23000	 0	  38079.0
1
0 	23000	 0	  38079.0
Link
D0 Cu1 
1
0 	23000	 0	  38079.0
1
0 	23000	 0	  38079.0
Link
Cu1 Cu15 
1
0 	23000	 0	  46043.0
1
0 	23000	 0	  46043.0
Link
Cu15 Cu1 
1
0 	23000	 0	  46043.0
1
0 	23000	 0	  46043.0
Link
Cu1 Cu16 
1
0 	23000	 0	  52431.0
1
0 	23000	 0	  52431.0
Link
Cu16 Cu1 
1
0 	23000	 0	  52431.0
1
0 	23000	 0	  52431.0
Link
Cu1 Cu10 
1
0 	23000	 0	  42012.0
1
0 	23000	 0	  42012.0
Link
Cu10 Cu1 
1
0 	23000	 0	  42012.0
1
0 	23000	 0	  42012.0
Link
Cu1 Cu11 
1
0 	23000	 0	  49244.0
1
0 	23000	 0	  49244.0
Link
Cu11 Cu1 
1
0 	23000	 0	  49244.0
1
0 	23000	 0	  49244.0
Link
Cu1 Cu5 
1
0 	23000	 0	  37336.0
1
0 	23000	 0	  37336.0
Link
Cu5 Cu1 
1
0 	23000	 0	  37336.0
1
0 	23000	 0	  37336.0
Link
Cu1 Cu9 
1
0 	23000	 0	  24187.0
1
0 	23000	 0	  24187.0
Link
Cu9 Cu1 
1
0 	23000	 0	  24187.0
1
0 	23000	 0	  24187.0
Link
Cu1 Cu3 
1
0 	23000	 0	  5000.0
1
0 	23000	 0	  5000.0
Link
Cu3 Cu1 
1
0 	23000	 0	  5000.0
1
0 	23000	 0	  5000.0
Link
Cu1 Cu4 
1
0 	23000	 0	  23431.0
1
0 	23000	 0	  23431.0
Link
Cu4 Cu1 
1
0 	23000	 0	  23431.0
1
0 	23000	 0	  23431.0
Link
Cu1 Cu2 
1
0 	23000	 0	  5000.0
1
0 	23000	 0	  5000.0
Link
Cu2 Cu1 
1
0 	23000	 0	  5000.0
1
0 	23000	 0	  5000.0
Link
Cu1 Cu1 
1
0 	23000	 0	  2000.0
1
0 	23000	 0	  2000.0
Link
Cu1 Cu1 
1
0 	23000	 0	  2000.0
1
0 	23000	 0	  2000.0
Link
Cu1 Cu8 
1
0 	23000	 0	  20000.0
1
0 	23000	 0	  20000.0
Link
Cu8 Cu1 
1
0 	23000	 0	  20000.0
1
0 	23000	 0	  20000.0
Link
Cu1 Cu12 
1
0 	23000	 0	  40311.0
1
0 	23000	 0	  40311.0
Link
Cu12 Cu1 
1
0 	23000	 0	  40311.0
1
0 	23000	 0	  40311.0
Link
Cu1 Cu7 
1
0 	23000	 0	  38588.0
1
0 	23000	 0	  38588.0
Link
Cu7 Cu1 
1
0 	23000	 0	  38588.0
1
0 	23000	 0	  38588.0
Link
Cu1 Cu6 
1
0 	23000	 0	  42426.0
1
0 	23000	 0	  42426.0
Link
Cu6 Cu1 
1
0 	23000	 0	  42426.0
1
0 	23000	 0	  42426.0
Link
Cu1 Cu13 
1
0 	23000	 0	  40311.0
1
0 	23000	 0	  40311.0
Link
Cu13 Cu1 
1
0 	23000	 0	  40311.0
1
0 	23000	 0	  40311.0
Link
Cu1 Cu14 
1
0 	23000	 0	  40000.0
1
0 	23000	 0	  40000.0
Link
Cu14 Cu1 
1
0 	23000	 0	  40000.0
1
0 	23000	 0	  40000.0
Link
Cu1 Cu23 
1
0 	23000	 0	  80000.0
1
0 	23000	 0	  80000.0
Link
Cu23 Cu1 
1
0 	23000	 0	  80000.0
1
0 	23000	 0	  80000.0
Link
Cu1 Cu17 
1
0 	23000	 0	  48000.0
1
0 	23000	 0	  48000.0
Link
Cu17 Cu1 
1
0 	23000	 0	  48000.0
1
0 	23000	 0	  48000.0
Link
Cu1 Cu22 
1
0 	23000	 0	  80623.0
1
0 	23000	 0	  80623.0
Link
Cu22 Cu1 
1
0 	23000	 0	  80623.0
1
0 	23000	 0	  80623.0
Link
Cu1 Cu21 
1
0 	23000	 0	  67779.0
1
0 	23000	 0	  67779.0
Link
Cu21 Cu1 
1
0 	23000	 0	  67779.0
1
0 	23000	 0	  67779.0
Link
Cu1 Cu18 
1
0 	23000	 0	  58523.0
1
0 	23000	 0	  58523.0
Link
Cu18 Cu1 
1
0 	23000	 0	  58523.0
1
0 	23000	 0	  58523.0
Link
Cu1 Cu20 
1
0 	23000	 0	  66400.0
1
0 	23000	 0	  66400.0
Link
Cu20 Cu1 
1
0 	23000	 0	  66400.0
1
0 	23000	 0	  66400.0
Link
Cu1 Cu19 
1
0 	23000	 0	  66038.0
1
0 	23000	 0	  66038.0
Link
Cu19 Cu1 
1
0 	23000	 0	  66038.0
1
0 	23000	 0	  66038.0
Link
Cu2 D0 
1
0 	23000	 0	  35355.0
1
0 	23000	 0	  35355.0
Link
D0 Cu2 
1
0 	23000	 0	  35355.0
1
0 	23000	 0	  35355.0
Link
Cu2 Cu15 
1
0 	23000	 0	  40817.0
1
0 	23000	 0	  40817.0
Link
Cu15 Cu2 
1
0 	23000	 0	  40817.0
1
0 	23000	 0	  40817.0
Link
Cu2 Cu16 
1
0 	23000	 0	  47170.0
1
0 	23000	 0	  47170.0
Link
Cu16 Cu2 
1
0 	23000	 0	  47170.0
1
0 	23000	 0	  47170.0
Link
Cu2 Cu10 
1
0 	23000	 0	  36620.0
1
0 	23000	 0	  36620.0
Link
Cu10 Cu2 
1
0 	23000	 0	  36620.0
1
0 	23000	 0	  36620.0
Link
Cu2 Cu11 
1
0 	23000	 0	  43463.0
1
0 	23000	 0	  43463.0
Link
Cu11 Cu2 
1
0 	23000	 0	  43463.0
1
0 	23000	 0	  43463.0
Link
Cu2 Cu5 
1
0 	23000	 0	  31623.0
1
0 	23000	 0	  31623.0
Link
Cu5 Cu2 
1
0 	23000	 0	  31623.0
1
0 	23000	 0	  31623.0
Link
Cu2 Cu9 
1
0 	23000	 0	  19313.0
1
0 	23000	 0	  19313.0
Link
Cu9 Cu2 
1
0 	23000	 0	  19313.0
1
0 	23000	 0	  19313.0
Link
Cu2 Cu3 
1
0 	23000	 0	  3000.0
1
0 	23000	 0	  3000.0
Link
Cu3 Cu2 
1
0 	23000	 0	  3000.0
1
0 	23000	 0	  3000.0
Link
Cu2 Cu4 
1
0 	23000	 0	  18028.0
1
0 	23000	 0	  18028.0
Link
Cu4 Cu2 
1
0 	23000	 0	  18028.0
1
0 	23000	 0	  18028.0
Link
Cu2 Cu1 
1
0 	23000	 0	  5000.0
1
0 	23000	 0	  5000.0
Link
Cu1 Cu2 
1
0 	23000	 0	  5000.0
1
0 	23000	 0	  5000.0
Link
Cu2 Cu2 
1
0 	23000	 0	  5000.0
1
0 	23000	 0	  5000.0
Link
Cu2 Cu2 
1
0 	23000	 0	  5000.0
1
0 	23000	 0	  5000.0
Link
Cu2 Cu8 
1
0 	23000	 0	  22361.0
1
0 	23000	 0	  22361.0
Link
Cu8 Cu2 
1
0 	23000	 0	  22361.0
1
0 	23000	 0	  22361.0
Link
Cu2 Cu12 
1
0 	23000	 0	  46098.0
1
0 	23000	 0	  46098.0
Link
Cu12 Cu2 
1
0 	23000	 0	  46098.0
1
0 	23000	 0	  46098.0
Link
Cu2 Cu7 
1
0 	23000	 0	  44598.0
1
0 	23000	 0	  44598.0
Link
Cu7 Cu2 
1
0 	23000	 0	  44598.0
1
0 	23000	 0	  44598.0
Link
Cu2 Cu6 
1
0 	23000	 0	  50000.0
1
0 	23000	 0	  50000.0
Link
Cu6 Cu2 
1
0 	23000	 0	  50000.0
1
0 	23000	 0	  50000.0
Link
Cu2 Cu13 
1
0 	23000	 0	  42720.0
1
0 	23000	 0	  42720.0
Link
Cu13 Cu2 
1
0 	23000	 0	  42720.0
1
0 	23000	 0	  42720.0
Link
Cu2 Cu14 
1
0 	23000	 0	  41231.0
1
0 	23000	 0	  41231.0
Link
Cu14 Cu2 
1
0 	23000	 0	  41231.0
1
0 	23000	 0	  41231.0
Link
Cu2 Cu23 
1
0 	23000	 0	  80623.0
1
0 	23000	 0	  80623.0
Link
Cu23 Cu2 
1
0 	23000	 0	  80623.0
1
0 	23000	 0	  80623.0
Link
Cu2 Cu17 
1
0 	23000	 0	  49031.0
1
0 	23000	 0	  49031.0
Link
Cu17 Cu2 
1
0 	23000	 0	  49031.0
1
0 	23000	 0	  49031.0
Link
Cu2 Cu22 
1
0 	23000	 0	  82462.0
1
0 	23000	 0	  82462.0
Link
Cu22 Cu2 
1
0 	23000	 0	  82462.0
1
0 	23000	 0	  82462.0
Link
Cu2 Cu21 
1
0 	23000	 0	  64760.00000000001
1
0 	23000	 0	  64760.00000000001
Link
Cu21 Cu2 
1
0 	23000	 0	  64760.00000000001
1
0 	23000	 0	  64760.00000000001
Link
Cu2 Cu18 
1
0 	23000	 0	  55902.0
1
0 	23000	 0	  55902.0
Link
Cu18 Cu2 
1
0 	23000	 0	  55902.0
1
0 	23000	 0	  55902.0
Link
Cu2 Cu20 
1
0 	23000	 0	  61033.0
1
0 	23000	 0	  61033.0
Link
Cu20 Cu2 
1
0 	23000	 0	  61033.0
1
0 	23000	 0	  61033.0
Link
Cu2 Cu19 
1
0 	23000	 0	  60902.0
1
0 	23000	 0	  60902.0
Link
Cu19 Cu2 
1
0 	23000	 0	  60902.0
1
0 	23000	 0	  60902.0
Link
Cu8 D0 
1
0 	23000	 0	  16553.0
1
0 	23000	 0	  16553.0
Link
D0 Cu8 
1
0 	23000	 0	  16553.0
1
0 	23000	 0	  16553.0
Link
Cu8 Cu15 
1
0 	23000	 0	  31321.0
1
0 	23000	 0	  31321.0
Link
Cu15 Cu8 
1
0 	23000	 0	  31321.0
1
0 	23000	 0	  31321.0
Link
Cu8 Cu16 
1
0 	23000	 0	  37000.0
1
0 	23000	 0	  37000.0
Link
Cu16 Cu8 
1
0 	23000	 0	  37000.0
1
0 	23000	 0	  37000.0
Link
Cu8 Cu10 
1
0 	23000	 0	  31064.0
1
0 	23000	 0	  31064.0
Link
Cu10 Cu8 
1
0 	23000	 0	  31064.0
1
0 	23000	 0	  31064.0
Link
Cu8 Cu11 
1
0 	23000	 0	  50000.0
1
0 	23000	 0	  50000.0
Link
Cu11 Cu8 
1
0 	23000	 0	  50000.0
1
0 	23000	 0	  50000.0
Link
Cu8 Cu5 
1
0 	23000	 0	  40112.0
1
0 	23000	 0	  40112.0
Link
Cu5 Cu8 
1
0 	23000	 0	  40112.0
1
0 	23000	 0	  40112.0
Link
Cu8 Cu9 
1
0 	23000	 0	  15000.0
1
0 	23000	 0	  15000.0
Link
Cu9 Cu8 
1
0 	23000	 0	  15000.0
1
0 	23000	 0	  15000.0
Link
Cu8 Cu3 
1
0 	23000	 0	  15000.0
1
0 	23000	 0	  15000.0
Link
Cu3 Cu8 
1
0 	23000	 0	  15000.0
1
0 	23000	 0	  15000.0
Link
Cu8 Cu4 
1
0 	23000	 0	  20616.0
1
0 	23000	 0	  20616.0
Link
Cu4 Cu8 
1
0 	23000	 0	  20616.0
1
0 	23000	 0	  20616.0
Link
Cu8 Cu1 
1
0 	23000	 0	  20000.0
1
0 	23000	 0	  20000.0
Link
Cu1 Cu8 
1
0 	23000	 0	  20000.0
1
0 	23000	 0	  20000.0
Link
Cu8 Cu2 
1
0 	23000	 0	  22361.0
1
0 	23000	 0	  22361.0
Link
Cu2 Cu8 
1
0 	23000	 0	  22361.0
1
0 	23000	 0	  22361.0
Link
Cu8 Cu8 
1
0 	23000	 0	  2000.0
1
0 	23000	 0	  2000.0
Link
Cu8 Cu8 
1
0 	23000	 0	  2000.0
1
0 	23000	 0	  2000.0
Link
Cu8 Cu12 
1
0 	23000	 0	  15811.0
1
0 	23000	 0	  15811.0
Link
Cu12 Cu8 
1
0 	23000	 0	  15811.0
1
0 	23000	 0	  15811.0
Link
Cu8 Cu7 
1
0 	23000	 0	  15297.0
1
0 	23000	 0	  15297.0
Link
Cu7 Cu8 
1
0 	23000	 0	  15297.0
1
0 	23000	 0	  15297.0
Link
Cu8 Cu6 
1
0 	23000	 0	  25000.0
1
0 	23000	 0	  25000.0
Link
Cu6 Cu8 
1
0 	23000	 0	  25000.0
1
0 	23000	 0	  25000.0
Link
Cu8 Cu13 
1
0 	23000	 0	  10000.0
1
0 	23000	 0	  10000.0
Link
Cu13 Cu8 
1
0 	23000	 0	  10000.0
1
0 	23000	 0	  10000.0
Link
Cu8 Cu14 
1
0 	23000	 0	  10440.0
1
0 	23000	 0	  10440.0
Link
Cu14 Cu8 
1
0 	23000	 0	  10440.0
1
0 	23000	 0	  10440.0
Link
Cu8 Cu23 
1
0 	23000	 0	  50090.0
1
0 	23000	 0	  50090.0
Link
Cu23 Cu8 
1
0 	23000	 0	  50090.0
1
0 	23000	 0	  50090.0
Link
Cu8 Cu17 
1
0 	23000	 0	  18000.0
1
0 	23000	 0	  18000.0
Link
Cu17 Cu8 
1
0 	23000	 0	  18000.0
1
0 	23000	 0	  18000.0
Link
Cu8 Cu22 
1
0 	23000	 0	  50249.0
1
0 	23000	 0	  50249.0
Link
Cu22 Cu8 
1
0 	23000	 0	  50249.0
1
0 	23000	 0	  50249.0
Link
Cu8 Cu21 
1
0 	23000	 0	  43012.0
1
0 	23000	 0	  43012.0
Link
Cu21 Cu8 
1
0 	23000	 0	  43012.0
1
0 	23000	 0	  43012.0
Link
Cu8 Cu18 
1
0 	23000	 0	  33601.0
1
0 	23000	 0	  33601.0
Link
Cu18 Cu8 
1
0 	23000	 0	  33601.0
1
0 	23000	 0	  33601.0
Link
Cu8 Cu20 
1
0 	23000	 0	  50090.0
1
0 	23000	 0	  50090.0
Link
Cu20 Cu8 
1
0 	23000	 0	  50090.0
1
0 	23000	 0	  50090.0
Link
Cu8 Cu19 
1
0 	23000	 0	  47170.0
1
0 	23000	 0	  47170.0
Link
Cu19 Cu8 
1
0 	23000	 0	  47170.0
1
0 	23000	 0	  47170.0
Link
Cu12 D0 
1
0 	23000	 0	  35000.0
1
0 	23000	 0	  35000.0
Link
D0 Cu12 
1
0 	23000	 0	  35000.0
1
0 	23000	 0	  35000.0
Link
Cu12 Cu15 
1
0 	23000	 0	  50000.0
1
0 	23000	 0	  50000.0
Link
Cu15 Cu12 
1
0 	23000	 0	  50000.0
1
0 	23000	 0	  50000.0
Link
Cu12 Cu16 
1
0 	23000	 0	  55082.0
1
0 	23000	 0	  55082.0
Link
Cu16 Cu12 
1
0 	23000	 0	  55082.0
1
0 	23000	 0	  55082.0
Link
Cu12 Cu10 
1
0 	23000	 0	  51245.0
1
0 	23000	 0	  51245.0
Link
Cu10 Cu12 
1
0 	23000	 0	  51245.0
1
0 	23000	 0	  51245.0
Link
Cu12 Cu11 
1
0 	23000	 0	  71589.0
1
0 	23000	 0	  71589.0
Link
Cu11 Cu12 
1
0 	23000	 0	  71589.0
1
0 	23000	 0	  71589.0
Link
Cu12 Cu5 
1
0 	23000	 0	  62642.0
1
0 	23000	 0	  62642.0
Link
Cu5 Cu12 
1
0 	23000	 0	  62642.0
1
0 	23000	 0	  62642.0
Link
Cu12 Cu9 
1
0 	23000	 0	  36401.0
1
0 	23000	 0	  36401.0
Link
Cu9 Cu12 
1
0 	23000	 0	  36401.0
1
0 	23000	 0	  36401.0
Link
Cu12 Cu3 
1
0 	23000	 0	  36056.0
1
0 	23000	 0	  36056.0
Link
Cu3 Cu12 
1
0 	23000	 0	  36056.0
1
0 	23000	 0	  36056.0
Link
Cu12 Cu4 
1
0 	23000	 0	  44721.0
1
0 	23000	 0	  44721.0
Link
Cu4 Cu12 
1
0 	23000	 0	  44721.0
1
0 	23000	 0	  44721.0
Link
Cu12 Cu1 
1
0 	23000	 0	  40311.0
1
0 	23000	 0	  40311.0
Link
Cu1 Cu12 
1
0 	23000	 0	  40311.0
1
0 	23000	 0	  40311.0
Link
Cu12 Cu2 
1
0 	23000	 0	  46098.0
1
0 	23000	 0	  46098.0
Link
Cu2 Cu12 
1
0 	23000	 0	  46098.0
1
0 	23000	 0	  46098.0
Link
Cu12 Cu8 
1
0 	23000	 0	  15811.0
1
0 	23000	 0	  15811.0
Link
Cu8 Cu12 
1
0 	23000	 0	  15811.0
1
0 	23000	 0	  15811.0
Link
Cu12 Cu12 
1
0 	23000	 0	  2000.0
1
0 	23000	 0	  2000.0
Link
Cu12 Cu12 
1
0 	23000	 0	  2000.0
1
0 	23000	 0	  2000.0
Link
Cu12 Cu7 
1
0 	23000	 0	  2000.0
1
0 	23000	 0	  2000.0
Link
Cu7 Cu12 
1
0 	23000	 0	  2000.0
1
0 	23000	 0	  2000.0
Link
Cu12 Cu6 
1
0 	23000	 0	  3000.0
1
0 	23000	 0	  3000.0
Link
Cu6 Cu12 
1
0 	23000	 0	  3000.0
1
0 	23000	 0	  3000.0
Link
Cu12 Cu13 
1
0 	23000	 0	  15297.0
1
0 	23000	 0	  15297.0
Link
Cu13 Cu12 
1
0 	23000	 0	  15297.0
1
0 	23000	 0	  15297.0
Link
Cu12 Cu14 
1
0 	23000	 0	  20224.0
1
0 	23000	 0	  20224.0
Link
Cu14 Cu12 
1
0 	23000	 0	  20224.0
1
0 	23000	 0	  20224.0
Link
Cu12 Cu23 
1
0 	23000	 0	  47424.0
1
0 	23000	 0	  47424.0
Link
Cu23 Cu12 
1
0 	23000	 0	  47424.0
1
0 	23000	 0	  47424.0
Link
Cu12 Cu17 
1
0 	23000	 0	  18601.0
1
0 	23000	 0	  18601.0
Link
Cu17 Cu12 
1
0 	23000	 0	  18601.0
1
0 	23000	 0	  18601.0
Link
Cu12 Cu22 
1
0 	23000	 0	  44147.0
1
0 	23000	 0	  44147.0
Link
Cu22 Cu12 
1
0 	23000	 0	  44147.0
1
0 	23000	 0	  44147.0
Link
Cu12 Cu21 
1
0 	23000	 0	  50000.0
1
0 	23000	 0	  50000.0
Link
Cu21 Cu12 
1
0 	23000	 0	  50000.0
1
0 	23000	 0	  50000.0
Link
Cu12 Cu18 
1
0 	23000	 0	  43863.0
1
0 	23000	 0	  43863.0
Link
Cu18 Cu12 
1
0 	23000	 0	  43863.0
1
0 	23000	 0	  43863.0
Link
Cu12 Cu20 
1
0 	23000	 0	  66287.0
1
0 	23000	 0	  66287.0
Link
Cu20 Cu12 
1
0 	23000	 0	  66287.0
1
0 	23000	 0	  66287.0
Link
Cu12 Cu19 
1
0 	23000	 0	  62097.0
1
0 	23000	 0	  62097.0
Link
Cu19 Cu12 
1
0 	23000	 0	  62097.0
1
0 	23000	 0	  62097.0
Link
Cu7 D0 
1
0 	23000	 0	  35057.0
1
0 	23000	 0	  35057.0
Link
D0 Cu7 
1
0 	23000	 0	  35057.0
1
0 	23000	 0	  35057.0
Link
Cu7 Cu15 
1
0 	23000	 0	  50160.0
1
0 	23000	 0	  50160.0
Link
Cu15 Cu7 
1
0 	23000	 0	  50160.0
1
0 	23000	 0	  50160.0
Link
Cu7 Cu16 
1
0 	23000	 0	  55444.0
1
0 	23000	 0	  55444.0
Link
Cu16 Cu7 
1
0 	23000	 0	  55444.0
1
0 	23000	 0	  55444.0
Link
Cu7 Cu10 
1
0 	23000	 0	  51088.0
1
0 	23000	 0	  51088.0
Link
Cu10 Cu7 
1
0 	23000	 0	  51088.0
1
0 	23000	 0	  51088.0
Link
Cu7 Cu11 
1
0 	23000	 0	  71197.0
1
0 	23000	 0	  71197.0
Link
Cu11 Cu7 
1
0 	23000	 0	  71197.0
1
0 	23000	 0	  71197.0
Link
Cu7 Cu5 
1
0 	23000	 0	  62097.0
1
0 	23000	 0	  62097.0
Link
Cu5 Cu7 
1
0 	23000	 0	  62097.0
1
0 	23000	 0	  62097.0
Link
Cu7 Cu9 
1
0 	23000	 0	  35903.0
1
0 	23000	 0	  35903.0
Link
Cu9 Cu7 
1
0 	23000	 0	  35903.0
1
0 	23000	 0	  35903.0
Link
Cu7 Cu3 
1
0 	23000	 0	  34409.0
1
0 	23000	 0	  34409.0
Link
Cu3 Cu7 
1
0 	23000	 0	  34409.0
1
0 	23000	 0	  34409.0
Link
Cu7 Cu4 
1
0 	23000	 0	  43863.0
1
0 	23000	 0	  43863.0
Link
Cu4 Cu7 
1
0 	23000	 0	  43863.0
1
0 	23000	 0	  43863.0
Link
Cu7 Cu1 
1
0 	23000	 0	  38588.0
1
0 	23000	 0	  38588.0
Link
Cu1 Cu7 
1
0 	23000	 0	  38588.0
1
0 	23000	 0	  38588.0
Link
Cu7 Cu2 
1
0 	23000	 0	  44598.0
1
0 	23000	 0	  44598.0
Link
Cu2 Cu7 
1
0 	23000	 0	  44598.0
1
0 	23000	 0	  44598.0
Link
Cu7 Cu8 
1
0 	23000	 0	  15297.0
1
0 	23000	 0	  15297.0
Link
Cu8 Cu7 
1
0 	23000	 0	  15297.0
1
0 	23000	 0	  15297.0
Link
Cu7 Cu12 
1
0 	23000	 0	  2000.0
1
0 	23000	 0	  2000.0
Link
Cu12 Cu7 
1
0 	23000	 0	  2000.0
1
0 	23000	 0	  2000.0
Link
Cu7 Cu6 
1
0 	23000	 0	  10440.0
1
0 	23000	 0	  10440.0
Link
Cu6 Cu7 
1
0 	23000	 0	  10440.0
1
0 	23000	 0	  10440.0
Link
Cu7 Cu13 
1
0 	23000	 0	  16553.0
1
0 	23000	 0	  16553.0
Link
Cu13 Cu7 
1
0 	23000	 0	  16553.0
1
0 	23000	 0	  16553.0
Link
Cu7 Cu14 
1
0 	23000	 0	  21190.0
1
0 	23000	 0	  21190.0
Link
Cu14 Cu7 
1
0 	23000	 0	  21190.0
1
0 	23000	 0	  21190.0
Link
Cu7 Cu23 
1
0 	23000	 0	  51078.0
1
0 	23000	 0	  51078.0
Link
Cu23 Cu7 
1
0 	23000	 0	  51078.0
1
0 	23000	 0	  51078.0
Link
Cu7 Cu17 
1
0 	23000	 0	  21213.0
1
0 	23000	 0	  21213.0
Link
Cu17 Cu7 
1
0 	23000	 0	  21213.0
1
0 	23000	 0	  21213.0
Link
Cu7 Cu22 
1
0 	23000	 0	  48052.0
1
0 	23000	 0	  48052.0
Link
Cu22 Cu7 
1
0 	23000	 0	  48052.0
1
0 	23000	 0	  48052.0
Link
Cu7 Cu21 
1
0 	23000	 0	  52498.0
1
0 	23000	 0	  52498.0
Link
Cu21 Cu7 
1
0 	23000	 0	  52498.0
1
0 	23000	 0	  52498.0
Link
Cu7 Cu18 
1
0 	23000	 0	  45651.0
1
0 	23000	 0	  45651.0
Link
Cu18 Cu7 
1
0 	23000	 0	  45651.0
1
0 	23000	 0	  45651.0
Link
Cu7 Cu20 
1
0 	23000	 0	  67186.0
1
0 	23000	 0	  67186.0
Link
Cu20 Cu7 
1
0 	23000	 0	  67186.0
1
0 	23000	 0	  67186.0
Link
Cu7 Cu19 
1
0 	23000	 0	  63246.0
1
0 	23000	 0	  63246.0
Link
Cu19 Cu7 
1
0 	23000	 0	  63246.0
1
0 	23000	 0	  63246.0
Link
Cu6 D0 
1
0 	23000	 0	  45277.0
1
0 	23000	 0	  45277.0
Link
D0 Cu6 
1
0 	23000	 0	  45277.0
1
0 	23000	 0	  45277.0
Link
Cu6 Cu15 
1
0 	23000	 0	  60407.0
1
0 	23000	 0	  60407.0
Link
Cu15 Cu6 
1
0 	23000	 0	  60407.0
1
0 	23000	 0	  60407.0
Link
Cu6 Cu16 
1
0 	23000	 0	  65765.0
1
0 	23000	 0	  65765.0
Link
Cu16 Cu6 
1
0 	23000	 0	  65765.0
1
0 	23000	 0	  65765.0
Link
Cu6 Cu10 
1
0 	23000	 0	  61000.0
1
0 	23000	 0	  61000.0
Link
Cu10 Cu6 
1
0 	23000	 0	  61000.0
1
0 	23000	 0	  61000.0
Link
Cu6 Cu11 
1
0 	23000	 0	  80623.0
1
0 	23000	 0	  80623.0
Link
Cu11 Cu6 
1
0 	23000	 0	  80623.0
1
0 	23000	 0	  80623.0
Link
Cu6 Cu5 
1
0 	23000	 0	  71197.0
1
0 	23000	 0	  71197.0
Link
Cu5 Cu6 
1
0 	23000	 0	  71197.0
1
0 	23000	 0	  71197.0
Link
Cu6 Cu9 
1
0 	23000	 0	  45277.0
1
0 	23000	 0	  45277.0
Link
Cu9 Cu6 
1
0 	23000	 0	  45277.0
1
0 	23000	 0	  45277.0
Link
Cu6 Cu3 
1
0 	23000	 0	  39051.0
1
0 	23000	 0	  39051.0
Link
Cu3 Cu6 
1
0 	23000	 0	  39051.0
1
0 	23000	 0	  39051.0
Link
Cu6 Cu4 
1
0 	23000	 0	  52202.0
1
0 	23000	 0	  52202.0
Link
Cu4 Cu6 
1
0 	23000	 0	  52202.0
1
0 	23000	 0	  52202.0
Link
Cu6 Cu1 
1
0 	23000	 0	  42426.0
1
0 	23000	 0	  42426.0
Link
Cu1 Cu6 
1
0 	23000	 0	  42426.0
1
0 	23000	 0	  42426.0
Link
Cu6 Cu2 
1
0 	23000	 0	  50000.0
1
0 	23000	 0	  50000.0
Link
Cu2 Cu6 
1
0 	23000	 0	  50000.0
1
0 	23000	 0	  50000.0
Link
Cu6 Cu8 
1
0 	23000	 0	  25000.0
1
0 	23000	 0	  25000.0
Link
Cu8 Cu6 
1
0 	23000	 0	  25000.0
1
0 	23000	 0	  25000.0
Link
Cu6 Cu12 
1
0 	23000	 0	  3000.0
1
0 	23000	 0	  3000.0
Link
Cu12 Cu6 
1
0 	23000	 0	  3000.0
1
0 	23000	 0	  3000.0
Link
Cu6 Cu7 
1
0 	23000	 0	  10440.0
1
0 	23000	 0	  10440.0
Link
Cu7 Cu6 
1
0 	23000	 0	  10440.0
1
0 	23000	 0	  10440.0
Link
Cu6 Cu13 
1
0 	23000	 0	  26926.0
1
0 	23000	 0	  26926.0
Link
Cu13 Cu6 
1
0 	23000	 0	  26926.0
1
0 	23000	 0	  26926.0
Link
Cu6 Cu14 
1
0 	23000	 0	  31623.0
1
0 	23000	 0	  31623.0
Link
Cu14 Cu6 
1
0 	23000	 0	  31623.0
1
0 	23000	 0	  31623.0
Link
Cu6 Cu23 
1
0 	23000	 0	  57697.0
1
0 	23000	 0	  57697.0
Link
Cu23 Cu6 
1
0 	23000	 0	  57697.0
1
0 	23000	 0	  57697.0
Link
Cu6 Cu17 
1
0 	23000	 0	  30806.0
1
0 	23000	 0	  30806.0
Link
Cu17 Cu6 
1
0 	23000	 0	  30806.0
1
0 	23000	 0	  30806.0
Link
Cu6 Cu22 
1
0 	23000	 0	  53852.0
1
0 	23000	 0	  53852.0
Link
Cu22 Cu6 
1
0 	23000	 0	  53852.0
1
0 	23000	 0	  53852.0
Link
Cu6 Cu21 
1
0 	23000	 0	  62201.0
1
0 	23000	 0	  62201.0
Link
Cu21 Cu6 
1
0 	23000	 0	  62201.0
1
0 	23000	 0	  62201.0
Link
Cu6 Cu18 
1
0 	23000	 0	  55902.0
1
0 	23000	 0	  55902.0
Link
Cu18 Cu6 
1
0 	23000	 0	  55902.0
1
0 	23000	 0	  55902.0
Link
Cu6 Cu20 
1
0 	23000	 0	  77621.0
1
0 	23000	 0	  77621.0
Link
Cu20 Cu6 
1
0 	23000	 0	  77621.0
1
0 	23000	 0	  77621.0
Link
Cu6 Cu19 
1
0 	23000	 0	  73682.0
1
0 	23000	 0	  73682.0
Link
Cu19 Cu6 
1
0 	23000	 0	  73682.0
1
0 	23000	 0	  73682.0
Link
Cu13 D0 
1
0 	23000	 0	  20616.0
1
0 	23000	 0	  20616.0
Link
D0 Cu13 
1
0 	23000	 0	  20616.0
1
0 	23000	 0	  20616.0
Link
Cu13 Cu15 
1
0 	23000	 0	  35000.0
1
0 	23000	 0	  35000.0
Link
Cu15 Cu13 
1
0 	23000	 0	  35000.0
1
0 	23000	 0	  35000.0
Link
Cu13 Cu16 
1
0 	23000	 0	  40000.0
1
0 	23000	 0	  40000.0
Link
Cu16 Cu13 
1
0 	23000	 0	  40000.0
1
0 	23000	 0	  40000.0
Link
Cu13 Cu10 
1
0 	23000	 0	  37363.0
1
0 	23000	 0	  37363.0
Link
Cu10 Cu13 
1
0 	23000	 0	  37363.0
1
0 	23000	 0	  37363.0
Link
Cu13 Cu11 
1
0 	23000	 0	  58523.0
1
0 	23000	 0	  58523.0
Link
Cu11 Cu13 
1
0 	23000	 0	  58523.0
1
0 	23000	 0	  58523.0
Link
Cu13 Cu5 
1
0 	23000	 0	  50537.0
1
0 	23000	 0	  50537.0
Link
Cu5 Cu13 
1
0 	23000	 0	  50537.0
1
0 	23000	 0	  50537.0
Link
Cu13 Cu9 
1
0 	23000	 0	  25000.0
1
0 	23000	 0	  25000.0
Link
Cu9 Cu13 
1
0 	23000	 0	  25000.0
1
0 	23000	 0	  25000.0
Link
Cu13 Cu3 
1
0 	23000	 0	  32016.0
1
0 	23000	 0	  32016.0
Link
Cu3 Cu13 
1
0 	23000	 0	  32016.0
1
0 	23000	 0	  32016.0
Link
Cu13 Cu4 
1
0 	23000	 0	  35355.0
1
0 	23000	 0	  35355.0
Link
Cu4 Cu13 
1
0 	23000	 0	  35355.0
1
0 	23000	 0	  35355.0
Link
Cu13 Cu1 
1
0 	23000	 0	  40311.0
1
0 	23000	 0	  40311.0
Link
Cu1 Cu13 
1
0 	23000	 0	  40311.0
1
0 	23000	 0	  40311.0
Link
Cu13 Cu2 
1
0 	23000	 0	  42720.0
1
0 	23000	 0	  42720.0
Link
Cu2 Cu13 
1
0 	23000	 0	  42720.0
1
0 	23000	 0	  42720.0
Link
Cu13 Cu8 
1
0 	23000	 0	  10000.0
1
0 	23000	 0	  10000.0
Link
Cu8 Cu13 
1
0 	23000	 0	  10000.0
1
0 	23000	 0	  10000.0
Link
Cu13 Cu12 
1
0 	23000	 0	  15297.0
1
0 	23000	 0	  15297.0
Link
Cu12 Cu13 
1
0 	23000	 0	  15297.0
1
0 	23000	 0	  15297.0
Link
Cu13 Cu7 
1
0 	23000	 0	  16553.0
1
0 	23000	 0	  16553.0
Link
Cu7 Cu13 
1
0 	23000	 0	  16553.0
1
0 	23000	 0	  16553.0
Link
Cu13 Cu6 
1
0 	23000	 0	  26926.0
1
0 	23000	 0	  26926.0
Link
Cu6 Cu13 
1
0 	23000	 0	  26926.0
1
0 	23000	 0	  26926.0
Link
Cu13 Cu14 
1
0 	23000	 0	  5000.0
1
0 	23000	 0	  5000.0
Link
Cu14 Cu13 
1
0 	23000	 0	  5000.0
1
0 	23000	 0	  5000.0
Link
Cu13 Cu13 
1
0 	23000	 0	  2000.0
1
0 	23000	 0	  2000.0
Link
Cu13 Cu13 
1
0 	23000	 0	  2000.0
1
0 	23000	 0	  2000.0
Link
Cu13 Cu23 
1
0 	23000	 0	  35355.0
1
0 	23000	 0	  35355.0
Link
Cu23 Cu13 
1
0 	23000	 0	  35355.0
1
0 	23000	 0	  35355.0
Link
Cu13 Cu17 
1
0 	23000	 0	  3000.0
1
0 	23000	 0	  3000.0
Link
Cu17 Cu13 
1
0 	23000	 0	  3000.0
1
0 	23000	 0	  3000.0
Link
Cu13 Cu22 
1
0 	23000	 0	  35355.0
1
0 	23000	 0	  35355.0
Link
Cu22 Cu13 
1
0 	23000	 0	  35355.0
1
0 	23000	 0	  35355.0
Link
Cu13 Cu21 
1
0 	23000	 0	  33302.0
1
0 	23000	 0	  33302.0
Link
Cu21 Cu13 
1
0 	23000	 0	  33302.0
1
0 	23000	 0	  33302.0
Link
Cu13 Cu18 
1
0 	23000	 0	  26926.0
1
0 	23000	 0	  26926.0
Link
Cu18 Cu13 
1
0 	23000	 0	  26926.0
1
0 	23000	 0	  26926.0
Link
Cu13 Cu20 
1
0 	23000	 0	  50249.0
1
0 	23000	 0	  50249.0
Link
Cu20 Cu13 
1
0 	23000	 0	  50249.0
1
0 	23000	 0	  50249.0
Link
Cu13 Cu19 
1
0 	23000	 0	  45706.0
1
0 	23000	 0	  45706.0
Link
Cu19 Cu13 
1
0 	23000	 0	  45706.0
1
0 	23000	 0	  45706.0
Link
Cu14 D0 
1
0 	23000	 0	  12207.0
1
0 	23000	 0	  12207.0
Link
D0 Cu14 
1
0 	23000	 0	  12207.0
1
0 	23000	 0	  12207.0
Link
Cu14 Cu15 
1
0 	23000	 0	  25080.0
1
0 	23000	 0	  25080.0
Link
Cu15 Cu14 
1
0 	23000	 0	  25080.0
1
0 	23000	 0	  25080.0
Link
Cu14 Cu16 
1
0 	23000	 0	  30067.0
1
0 	23000	 0	  30067.0
Link
Cu16 Cu14 
1
0 	23000	 0	  30067.0
1
0 	23000	 0	  30067.0
Link
Cu14 Cu10 
1
0 	23000	 0	  28636.0
1
0 	23000	 0	  28636.0
Link
Cu10 Cu14 
1
0 	23000	 0	  28636.0
1
0 	23000	 0	  28636.0
Link
Cu14 Cu11 
1
0 	23000	 0	  50090.0
1
0 	23000	 0	  50090.0
Link
Cu11 Cu14 
1
0 	23000	 0	  50090.0
1
0 	23000	 0	  50090.0
Link
Cu14 Cu5 
1
0 	23000	 0	  43012.0
1
0 	23000	 0	  43012.0
Link
Cu5 Cu14 
1
0 	23000	 0	  43012.0
1
0 	23000	 0	  43012.0
Link
Cu14 Cu9 
1
0 	23000	 0	  19723.0
1
0 	23000	 0	  19723.0
Link
Cu9 Cu14 
1
0 	23000	 0	  19723.0
1
0 	23000	 0	  19723.0
Link
Cu14 Cu3 
1
0 	23000	 0	  28792.0
1
0 	23000	 0	  28792.0
Link
Cu3 Cu14 
1
0 	23000	 0	  28792.0
1
0 	23000	 0	  28792.0
Link
Cu14 Cu4 
1
0 	23000	 0	  30887.0
1
0 	23000	 0	  30887.0
Link
Cu4 Cu14 
1
0 	23000	 0	  30887.0
1
0 	23000	 0	  30887.0
Link
Cu14 Cu1 
1
0 	23000	 0	  40000.0
1
0 	23000	 0	  40000.0
Link
Cu1 Cu14 
1
0 	23000	 0	  40000.0
1
0 	23000	 0	  40000.0
Link
Cu14 Cu2 
1
0 	23000	 0	  41231.0
1
0 	23000	 0	  41231.0
Link
Cu2 Cu14 
1
0 	23000	 0	  41231.0
1
0 	23000	 0	  41231.0
Link
Cu14 Cu8 
1
0 	23000	 0	  10440.0
1
0 	23000	 0	  10440.0
Link
Cu8 Cu14 
1
0 	23000	 0	  10440.0
1
0 	23000	 0	  10440.0
Link
Cu14 Cu12 
1
0 	23000	 0	  20224.0
1
0 	23000	 0	  20224.0
Link
Cu12 Cu14 
1
0 	23000	 0	  20224.0
1
0 	23000	 0	  20224.0
Link
Cu14 Cu7 
1
0 	23000	 0	  21190.0
1
0 	23000	 0	  21190.0
Link
Cu7 Cu14 
1
0 	23000	 0	  21190.0
1
0 	23000	 0	  21190.0
Link
Cu14 Cu6 
1
0 	23000	 0	  31623.0
1
0 	23000	 0	  31623.0
Link
Cu6 Cu14 
1
0 	23000	 0	  31623.0
1
0 	23000	 0	  31623.0
Link
Cu14 Cu13 
1
0 	23000	 0	  5000.0
1
0 	23000	 0	  5000.0
Link
Cu13 Cu14 
1
0 	23000	 0	  5000.0
1
0 	23000	 0	  5000.0
Link
Cu14 Cu14 
1
0 	23000	 0	  1000.0
1
0 	23000	 0	  1000.0
Link
Cu14 Cu14 
1
0 	23000	 0	  1000.0
1
0 	23000	 0	  1000.0
Link
Cu14 Cu23 
1
0 	23000	 0	  35000.0
1
0 	23000	 0	  35000.0
Link
Cu23 Cu14 
1
0 	23000	 0	  35000.0
1
0 	23000	 0	  35000.0
Link
Cu14 Cu17 
1
0 	23000	 0	  3000.0
1
0 	23000	 0	  3000.0
Link
Cu17 Cu14 
1
0 	23000	 0	  3000.0
1
0 	23000	 0	  3000.0
Link
Cu14 Cu22 
1
0 	23000	 0	  36401.0
1
0 	23000	 0	  36401.0
Link
Cu22 Cu14 
1
0 	23000	 0	  36401.0
1
0 	23000	 0	  36401.0
Link
Cu14 Cu21 
1
0 	23000	 0	  26627.0
1
0 	23000	 0	  26627.0
Link
Cu21 Cu14 
1
0 	23000	 0	  26627.0
1
0 	23000	 0	  26627.0
Link
Cu14 Cu18 
1
0 	23000	 0	  18028.0
1
0 	23000	 0	  18028.0
Link
Cu18 Cu14 
1
0 	23000	 0	  18028.0
1
0 	23000	 0	  18028.0
Link
Cu14 Cu20 
1
0 	23000	 0	  40311.0
1
0 	23000	 0	  40311.0
Link
Cu20 Cu14 
1
0 	23000	 0	  40311.0
1
0 	23000	 0	  40311.0
Link
Cu14 Cu19 
1
0 	23000	 0	  35903.0
1
0 	23000	 0	  35903.0
Link
Cu19 Cu14 
1
0 	23000	 0	  35903.0
1
0 	23000	 0	  35903.0
Link
Cu23 D0 
1
0 	23000	 0	  47434.0
1
0 	23000	 0	  47434.0
Link
D0 Cu23 
1
0 	23000	 0	  47434.0
1
0 	23000	 0	  47434.0
Link
Cu23 Cu15 
1
0 	23000	 0	  50000.0
1
0 	23000	 0	  50000.0
Link
Cu15 Cu23 
1
0 	23000	 0	  50000.0
1
0 	23000	 0	  50000.0
Link
Cu23 Cu16 
1
0 	23000	 0	  53151.0
1
0 	23000	 0	  53151.0
Link
Cu16 Cu23 
1
0 	23000	 0	  53151.0
1
0 	23000	 0	  53151.0
Link
Cu23 Cu10 
1
0 	23000	 0	  57428.0
1
0 	23000	 0	  57428.0
Link
Cu10 Cu23 
1
0 	23000	 0	  57428.0
1
0 	23000	 0	  57428.0
Link
Cu23 Cu11 
1
0 	23000	 0	  78102.0
1
0 	23000	 0	  78102.0
Link
Cu11 Cu23 
1
0 	23000	 0	  78102.0
1
0 	23000	 0	  78102.0
Link
Cu23 Cu5 
1
0 	23000	 0	  74626.0
1
0 	23000	 0	  74626.0
Link
Cu5 Cu23 
1
0 	23000	 0	  74626.0
1
0 	23000	 0	  74626.0
Link
Cu23 Cu9 
1
0 	23000	 0	  57009.0
1
0 	23000	 0	  57009.0
Link
Cu9 Cu23 
1
0 	23000	 0	  57009.0
1
0 	23000	 0	  57009.0
Link
Cu23 Cu3 
1
0 	23000	 0	  66708.0
1
0 	23000	 0	  66708.0
Link
Cu3 Cu23 
1
0 	23000	 0	  66708.0
1
0 	23000	 0	  66708.0
Link
Cu23 Cu4 
1
0 	23000	 0	  68007.0
1
0 	23000	 0	  68007.0
Link
Cu4 Cu23 
1
0 	23000	 0	  68007.0
1
0 	23000	 0	  68007.0
Link
Cu23 Cu1 
1
0 	23000	 0	  80000.0
1
0 	23000	 0	  80000.0
Link
Cu1 Cu23 
1
0 	23000	 0	  80000.0
1
0 	23000	 0	  80000.0
Link
Cu23 Cu2 
1
0 	23000	 0	  80623.0
1
0 	23000	 0	  80623.0
Link
Cu2 Cu23 
1
0 	23000	 0	  80623.0
1
0 	23000	 0	  80623.0
Link
Cu23 Cu8 
1
0 	23000	 0	  50090.0
1
0 	23000	 0	  50090.0
Link
Cu8 Cu23 
1
0 	23000	 0	  50090.0
1
0 	23000	 0	  50090.0
Link
Cu23 Cu12 
1
0 	23000	 0	  47424.0
1
0 	23000	 0	  47424.0
Link
Cu12 Cu23 
1
0 	23000	 0	  47424.0
1
0 	23000	 0	  47424.0
Link
Cu23 Cu7 
1
0 	23000	 0	  51078.0
1
0 	23000	 0	  51078.0
Link
Cu7 Cu23 
1
0 	23000	 0	  51078.0
1
0 	23000	 0	  51078.0
Link
Cu23 Cu6 
1
0 	23000	 0	  57697.0
1
0 	23000	 0	  57697.0
Link
Cu6 Cu23 
1
0 	23000	 0	  57697.0
1
0 	23000	 0	  57697.0
Link
Cu23 Cu13 
1
0 	23000	 0	  35355.0
1
0 	23000	 0	  35355.0
Link
Cu13 Cu23 
1
0 	23000	 0	  35355.0
1
0 	23000	 0	  35355.0
Link
Cu23 Cu14 
1
0 	23000	 0	  35000.0
1
0 	23000	 0	  35000.0
Link
Cu14 Cu23 
1
0 	23000	 0	  35000.0
1
0 	23000	 0	  35000.0
Link
Cu23 Cu23 
1
0 	23000	 0	  1000.0
1
0 	23000	 0	  1000.0
Link
Cu23 Cu23 
1
0 	23000	 0	  1000.0
1
0 	23000	 0	  1000.0
Link
Cu23 Cu17 
1
0 	23000	 0	  32000.0
1
0 	23000	 0	  32000.0
Link
Cu17 Cu23 
1
0 	23000	 0	  32000.0
1
0 	23000	 0	  32000.0
Link
Cu23 Cu22 
1
0 	23000	 0	  5385.0
1
0 	23000	 0	  5385.0
Link
Cu22 Cu23 
1
0 	23000	 0	  5385.0
1
0 	23000	 0	  5385.0
Link
Cu23 Cu21 
1
0 	23000	 0	  22361.0
1
0 	23000	 0	  22361.0
Link
Cu21 Cu23 
1
0 	23000	 0	  22361.0
1
0 	23000	 0	  22361.0
Link
Cu23 Cu18 
1
0 	23000	 0	  27586.0
1
0 	23000	 0	  27586.0
Link
Cu18 Cu23 
1
0 	23000	 0	  27586.0
1
0 	23000	 0	  27586.0
Link
Cu23 Cu20 
1
0 	23000	 0	  50537.0
1
0 	23000	 0	  50537.0
Link
Cu20 Cu23 
1
0 	23000	 0	  50537.0
1
0 	23000	 0	  50537.0
Link
Cu23 Cu19 
1
0 	23000	 0	  48260.0
1
0 	23000	 0	  48260.0
Link
Cu19 Cu23 
1
0 	23000	 0	  48260.0
1
0 	23000	 0	  48260.0
Link
Cu17 D0 
1
0 	23000	 0	  19849.0
1
0 	23000	 0	  19849.0
Link
D0 Cu17 
1
0 	23000	 0	  19849.0
1
0 	23000	 0	  19849.0
Link
Cu17 Cu15 
1
0 	23000	 0	  31048.0
1
0 	23000	 0	  31048.0
Link
Cu15 Cu17 
1
0 	23000	 0	  31048.0
1
0 	23000	 0	  31048.0
Link
Cu17 Cu16 
1
0 	23000	 0	  35903.0
1
0 	23000	 0	  35903.0
Link
Cu16 Cu17 
1
0 	23000	 0	  35903.0
1
0 	23000	 0	  35903.0
Link
Cu17 Cu10 
1
0 	23000	 0	  35847.0
1
0 	23000	 0	  35847.0
Link
Cu10 Cu17 
1
0 	23000	 0	  35847.0
1
0 	23000	 0	  35847.0
Link
Cu17 Cu11 
1
0 	23000	 0	  57306.0
1
0 	23000	 0	  57306.0
Link
Cu11 Cu17 
1
0 	23000	 0	  57306.0
1
0 	23000	 0	  57306.0
Link
Cu17 Cu5 
1
0 	23000	 0	  50606.0
1
0 	23000	 0	  50606.0
Link
Cu5 Cu17 
1
0 	23000	 0	  50606.0
1
0 	23000	 0	  50606.0
Link
Cu17 Cu9 
1
0 	23000	 0	  27459.0
1
0 	23000	 0	  27459.0
Link
Cu9 Cu17 
1
0 	23000	 0	  27459.0
1
0 	23000	 0	  27459.0
Link
Cu17 Cu3 
1
0 	23000	 0	  36249.0
1
0 	23000	 0	  36249.0
Link
Cu3 Cu17 
1
0 	23000	 0	  36249.0
1
0 	23000	 0	  36249.0
Link
Cu17 Cu4 
1
0 	23000	 0	  38588.0
1
0 	23000	 0	  38588.0
Link
Cu4 Cu17 
1
0 	23000	 0	  38588.0
1
0 	23000	 0	  38588.0
Link
Cu17 Cu1 
1
0 	23000	 0	  48000.0
1
0 	23000	 0	  48000.0
Link
Cu1 Cu17 
1
0 	23000	 0	  48000.0
1
0 	23000	 0	  48000.0
Link
Cu17 Cu2 
1
0 	23000	 0	  49031.0
1
0 	23000	 0	  49031.0
Link
Cu2 Cu17 
1
0 	23000	 0	  49031.0
1
0 	23000	 0	  49031.0
Link
Cu17 Cu8 
1
0 	23000	 0	  18000.0
1
0 	23000	 0	  18000.0
Link
Cu8 Cu17 
1
0 	23000	 0	  18000.0
1
0 	23000	 0	  18000.0
Link
Cu17 Cu12 
1
0 	23000	 0	  18601.0
1
0 	23000	 0	  18601.0
Link
Cu12 Cu17 
1
0 	23000	 0	  18601.0
1
0 	23000	 0	  18601.0
Link
Cu17 Cu7 
1
0 	23000	 0	  21213.0
1
0 	23000	 0	  21213.0
Link
Cu7 Cu17 
1
0 	23000	 0	  21213.0
1
0 	23000	 0	  21213.0
Link
Cu17 Cu6 
1
0 	23000	 0	  30806.0
1
0 	23000	 0	  30806.0
Link
Cu6 Cu17 
1
0 	23000	 0	  30806.0
1
0 	23000	 0	  30806.0
Link
Cu17 Cu13 
1
0 	23000	 0	  3000.0
1
0 	23000	 0	  3000.0
Link
Cu13 Cu17 
1
0 	23000	 0	  3000.0
1
0 	23000	 0	  3000.0
Link
Cu17 Cu14 
1
0 	23000	 0	  3000.0
1
0 	23000	 0	  3000.0
Link
Cu14 Cu17 
1
0 	23000	 0	  3000.0
1
0 	23000	 0	  3000.0
Link
Cu17 Cu23 
1
0 	23000	 0	  32000.0
1
0 	23000	 0	  32000.0
Link
Cu23 Cu17 
1
0 	23000	 0	  32000.0
1
0 	23000	 0	  32000.0
Link
Cu17 Cu17 
1
0 	23000	 0	  5000.0
1
0 	23000	 0	  5000.0
Link
Cu17 Cu17 
1
0 	23000	 0	  5000.0
1
0 	23000	 0	  5000.0
Link
Cu17 Cu22 
1
0 	23000	 0	  32387.0
1
0 	23000	 0	  32387.0
Link
Cu22 Cu17 
1
0 	23000	 0	  32387.0
1
0 	23000	 0	  32387.0
Link
Cu17 Cu21 
1
0 	23000	 0	  27586.0
1
0 	23000	 0	  27586.0
Link
Cu21 Cu17 
1
0 	23000	 0	  27586.0
1
0 	23000	 0	  27586.0
Link
Cu17 Cu18 
1
0 	23000	 0	  21190.0
1
0 	23000	 0	  21190.0
Link
Cu18 Cu17 
1
0 	23000	 0	  21190.0
1
0 	23000	 0	  21190.0
Link
Cu17 Cu20 
1
0 	23000	 0	  45044.0
1
0 	23000	 0	  45044.0
Link
Cu20 Cu17 
1
0 	23000	 0	  45044.0
1
0 	23000	 0	  45044.0
Link
Cu17 Cu19 
1
0 	23000	 0	  40311.0
1
0 	23000	 0	  40311.0
Link
Cu19 Cu17 
1
0 	23000	 0	  40311.0
1
0 	23000	 0	  40311.0
Link
Cu22 D0 
1
0 	23000	 0	  51478.0
1
0 	23000	 0	  51478.0
Link
D0 Cu22 
1
0 	23000	 0	  51478.0
1
0 	23000	 0	  51478.0
Link
Cu22 Cu15 
1
0 	23000	 0	  56569.0
1
0 	23000	 0	  56569.0
Link
Cu15 Cu22 
1
0 	23000	 0	  56569.0
1
0 	23000	 0	  56569.0
Link
Cu22 Cu16 
1
0 	23000	 0	  60208.0
1
0 	23000	 0	  60208.0
Link
Cu16 Cu22 
1
0 	23000	 0	  60208.0
1
0 	23000	 0	  60208.0
Link
Cu22 Cu10 
1
0 	23000	 0	  63702.0
1
0 	23000	 0	  63702.0
Link
Cu10 Cu22 
1
0 	23000	 0	  63702.0
1
0 	23000	 0	  63702.0
Link
Cu22 Cu11 
1
0 	23000	 0	  84853.0
1
0 	23000	 0	  84853.0
Link
Cu11 Cu22 
1
0 	23000	 0	  84853.0
1
0 	23000	 0	  84853.0
Link
Cu22 Cu5 
1
0 	23000	 0	  80430.0
1
0 	23000	 0	  80430.0
Link
Cu5 Cu22 
1
0 	23000	 0	  80430.0
1
0 	23000	 0	  80430.0
Link
Cu22 Cu9 
1
0 	23000	 0	  60415.0
1
0 	23000	 0	  60415.0
Link
Cu9 Cu22 
1
0 	23000	 0	  60415.0
1
0 	23000	 0	  60415.0
Link
Cu22 Cu3 
1
0 	23000	 0	  69642.0
1
0 	23000	 0	  69642.0
Link
Cu3 Cu22 
1
0 	23000	 0	  69642.0
1
0 	23000	 0	  69642.0
Link
Cu22 Cu4 
1
0 	23000	 0	  71589.0
1
0 	23000	 0	  71589.0
Link
Cu4 Cu22 
1
0 	23000	 0	  71589.0
1
0 	23000	 0	  71589.0
Link
Cu22 Cu1 
1
0 	23000	 0	  80623.0
1
0 	23000	 0	  80623.0
Link
Cu1 Cu22 
1
0 	23000	 0	  80623.0
1
0 	23000	 0	  80623.0
Link
Cu22 Cu2 
1
0 	23000	 0	  82462.0
1
0 	23000	 0	  82462.0
Link
Cu2 Cu22 
1
0 	23000	 0	  82462.0
1
0 	23000	 0	  82462.0
Link
Cu22 Cu8 
1
0 	23000	 0	  50249.0
1
0 	23000	 0	  50249.0
Link
Cu8 Cu22 
1
0 	23000	 0	  50249.0
1
0 	23000	 0	  50249.0
Link
Cu22 Cu12 
1
0 	23000	 0	  44147.0
1
0 	23000	 0	  44147.0
Link
Cu12 Cu22 
1
0 	23000	 0	  44147.0
1
0 	23000	 0	  44147.0
Link
Cu22 Cu7 
1
0 	23000	 0	  48052.0
1
0 	23000	 0	  48052.0
Link
Cu7 Cu22 
1
0 	23000	 0	  48052.0
1
0 	23000	 0	  48052.0
Link
Cu22 Cu6 
1
0 	23000	 0	  53852.0
1
0 	23000	 0	  53852.0
Link
Cu6 Cu22 
1
0 	23000	 0	  53852.0
1
0 	23000	 0	  53852.0
Link
Cu22 Cu13 
1
0 	23000	 0	  35355.0
1
0 	23000	 0	  35355.0
Link
Cu13 Cu22 
1
0 	23000	 0	  35355.0
1
0 	23000	 0	  35355.0
Link
Cu22 Cu14 
1
0 	23000	 0	  36401.0
1
0 	23000	 0	  36401.0
Link
Cu14 Cu22 
1
0 	23000	 0	  36401.0
1
0 	23000	 0	  36401.0
Link
Cu22 Cu23 
1
0 	23000	 0	  5385.0
1
0 	23000	 0	  5385.0
Link
Cu23 Cu22 
1
0 	23000	 0	  5385.0
1
0 	23000	 0	  5385.0
Link
Cu22 Cu17 
1
0 	23000	 0	  32387.0
1
0 	23000	 0	  32387.0
Link
Cu17 Cu22 
1
0 	23000	 0	  32387.0
1
0 	23000	 0	  32387.0
Link
Cu22 Cu21 
1
0 	23000	 0	  31623.0
1
0 	23000	 0	  31623.0
Link
Cu21 Cu22 
1
0 	23000	 0	  31623.0
1
0 	23000	 0	  31623.0
Link
Cu22 Cu18 
1
0 	23000	 0	  35511.0
1
0 	23000	 0	  35511.0
Link
Cu18 Cu22 
1
0 	23000	 0	  35511.0
1
0 	23000	 0	  35511.0
Link
Cu22 Cu20 
1
0 	23000	 0	  59615.0
1
0 	23000	 0	  59615.0
Link
Cu20 Cu22 
1
0 	23000	 0	  59615.0
1
0 	23000	 0	  59615.0
Link
Cu22 Cu19 
1
0 	23000	 0	  56824.0
1
0 	23000	 0	  56824.0
Link
Cu19 Cu22 
1
0 	23000	 0	  56824.0
1
0 	23000	 0	  56824.0
Link
Cu21 D0 
1
0 	23000	 0	  29732.0
1
0 	23000	 0	  29732.0
Link
D0 Cu21 
1
0 	23000	 0	  29732.0
1
0 	23000	 0	  29732.0
Link
Cu21 Cu15 
1
0 	23000	 0	  23537.0
1
0 	23000	 0	  23537.0
Link
Cu15 Cu21 
1
0 	23000	 0	  23537.0
1
0 	23000	 0	  23537.0
Link
Cu21 Cu16 
1
0 	23000	 0	  25080.0
1
0 	23000	 0	  25080.0
Link
Cu16 Cu21 
1
0 	23000	 0	  25080.0
1
0 	23000	 0	  25080.0
Link
Cu21 Cu10 
1
0 	23000	 0	  31048.0
1
0 	23000	 0	  31048.0
Link
Cu10 Cu21 
1
0 	23000	 0	  31048.0
1
0 	23000	 0	  31048.0
Link
Cu21 Cu11 
1
0 	23000	 0	  49739.0
1
0 	23000	 0	  49739.0
Link
Cu11 Cu21 
1
0 	23000	 0	  49739.0
1
0 	23000	 0	  49739.0
Link
Cu21 Cu5 
1
0 	23000	 0	  48384.0
1
0 	23000	 0	  48384.0
Link
Cu5 Cu21 
1
0 	23000	 0	  48384.0
1
0 	23000	 0	  48384.0
Link
Cu21 Cu9 
1
0 	23000	 0	  38833.0
1
0 	23000	 0	  38833.0
Link
Cu9 Cu21 
1
0 	23000	 0	  38833.0
1
0 	23000	 0	  38833.0
Link
Cu21 Cu3 
1
0 	23000	 0	  49031.0
1
0 	23000	 0	  49031.0
Link
Cu3 Cu21 
1
0 	23000	 0	  49031.0
1
0 	23000	 0	  49031.0
Link
Cu21 Cu4 
1
0 	23000	 0	  48260.0
1
0 	23000	 0	  48260.0
Link
Cu4 Cu21 
1
0 	23000	 0	  48260.0
1
0 	23000	 0	  48260.0
Link
Cu21 Cu1 
1
0 	23000	 0	  67779.0
1
0 	23000	 0	  67779.0
Link
Cu1 Cu21 
1
0 	23000	 0	  67779.0
1
0 	23000	 0	  67779.0
Link
Cu21 Cu2 
1
0 	23000	 0	  64760.00000000001
1
0 	23000	 0	  64760.00000000001
Link
Cu2 Cu21 
1
0 	23000	 0	  64760.00000000001
1
0 	23000	 0	  64760.00000000001
Link
Cu21 Cu8 
1
0 	23000	 0	  43012.0
1
0 	23000	 0	  43012.0
Link
Cu8 Cu21 
1
0 	23000	 0	  43012.0
1
0 	23000	 0	  43012.0
Link
Cu21 Cu12 
1
0 	23000	 0	  50000.0
1
0 	23000	 0	  50000.0
Link
Cu12 Cu21 
1
0 	23000	 0	  50000.0
1
0 	23000	 0	  50000.0
Link
Cu21 Cu7 
1
0 	23000	 0	  52498.0
1
0 	23000	 0	  52498.0
Link
Cu7 Cu21 
1
0 	23000	 0	  52498.0
1
0 	23000	 0	  52498.0
Link
Cu21 Cu6 
1
0 	23000	 0	  62201.0
1
0 	23000	 0	  62201.0
Link
Cu6 Cu21 
1
0 	23000	 0	  62201.0
1
0 	23000	 0	  62201.0
Link
Cu21 Cu13 
1
0 	23000	 0	  33302.0
1
0 	23000	 0	  33302.0
Link
Cu13 Cu21 
1
0 	23000	 0	  33302.0
1
0 	23000	 0	  33302.0
Link
Cu21 Cu14 
1
0 	23000	 0	  26627.0
1
0 	23000	 0	  26627.0
Link
Cu14 Cu21 
1
0 	23000	 0	  26627.0
1
0 	23000	 0	  26627.0
Link
Cu21 Cu23 
1
0 	23000	 0	  22361.0
1
0 	23000	 0	  22361.0
Link
Cu23 Cu21 
1
0 	23000	 0	  22361.0
1
0 	23000	 0	  22361.0
Link
Cu21 Cu17 
1
0 	23000	 0	  27586.0
1
0 	23000	 0	  27586.0
Link
Cu17 Cu21 
1
0 	23000	 0	  27586.0
1
0 	23000	 0	  27586.0
Link
Cu21 Cu22 
1
0 	23000	 0	  31623.0
1
0 	23000	 0	  31623.0
Link
Cu22 Cu21 
1
0 	23000	 0	  31623.0
1
0 	23000	 0	  31623.0
Link
Cu21 Cu21 
1
0 	23000	 0	  2828.0
1
0 	23000	 0	  2828.0
Link
Cu21 Cu21 
1
0 	23000	 0	  2828.0
1
0 	23000	 0	  2828.0
Link
Cu21 Cu18 
1
0 	23000	 0	  3000.0
1
0 	23000	 0	  3000.0
Link
Cu18 Cu21 
1
0 	23000	 0	  3000.0
1
0 	23000	 0	  3000.0
Link
Cu21 Cu20 
1
0 	23000	 0	  20881.0
1
0 	23000	 0	  20881.0
Link
Cu20 Cu21 
1
0 	23000	 0	  20881.0
1
0 	23000	 0	  20881.0
Link
Cu21 Cu19 
1
0 	23000	 0	  18028.0
1
0 	23000	 0	  18028.0
Link
Cu19 Cu21 
1
0 	23000	 0	  18028.0
1
0 	23000	 0	  18028.0
Link
Cu18 D0 
1
0 	23000	 0	  20616.0
1
0 	23000	 0	  20616.0
Link
D0 Cu18 
1
0 	23000	 0	  20616.0
1
0 	23000	 0	  20616.0
Link
Cu18 Cu15 
1
0 	23000	 0	  15811.0
1
0 	23000	 0	  15811.0
Link
Cu15 Cu18 
1
0 	23000	 0	  15811.0
1
0 	23000	 0	  15811.0
Link
Cu18 Cu16 
1
0 	23000	 0	  18028.0
1
0 	23000	 0	  18028.0
Link
Cu16 Cu18 
1
0 	23000	 0	  18028.0
1
0 	23000	 0	  18028.0
Link
Cu18 Cu10 
1
0 	23000	 0	  23409.0
1
0 	23000	 0	  23409.0
Link
Cu10 Cu18 
1
0 	23000	 0	  23409.0
1
0 	23000	 0	  23409.0
Link
Cu18 Cu11 
1
0 	23000	 0	  43012.0
1
0 	23000	 0	  43012.0
Link
Cu11 Cu18 
1
0 	23000	 0	  43012.0
1
0 	23000	 0	  43012.0
Link
Cu18 Cu5 
1
0 	23000	 0	  40853.0
1
0 	23000	 0	  40853.0
Link
Cu5 Cu18 
1
0 	23000	 0	  40853.0
1
0 	23000	 0	  40853.0
Link
Cu18 Cu9 
1
0 	23000	 0	  30150.0
1
0 	23000	 0	  30150.0
Link
Cu9 Cu18 
1
0 	23000	 0	  30150.0
1
0 	23000	 0	  30150.0
Link
Cu18 Cu3 
1
0 	23000	 0	  40311.0
1
0 	23000	 0	  40311.0
Link
Cu3 Cu18 
1
0 	23000	 0	  40311.0
1
0 	23000	 0	  40311.0
Link
Cu18 Cu4 
1
0 	23000	 0	  40000.0
1
0 	23000	 0	  40000.0
Link
Cu4 Cu18 
1
0 	23000	 0	  40000.0
1
0 	23000	 0	  40000.0
Link
Cu18 Cu1 
1
0 	23000	 0	  58523.0
1
0 	23000	 0	  58523.0
Link
Cu1 Cu18 
1
0 	23000	 0	  58523.0
1
0 	23000	 0	  58523.0
Link
Cu18 Cu2 
1
0 	23000	 0	  55902.0
1
0 	23000	 0	  55902.0
Link
Cu2 Cu18 
1
0 	23000	 0	  55902.0
1
0 	23000	 0	  55902.0
Link
Cu18 Cu8 
1
0 	23000	 0	  33601.0
1
0 	23000	 0	  33601.0
Link
Cu8 Cu18 
1
0 	23000	 0	  33601.0
1
0 	23000	 0	  33601.0
Link
Cu18 Cu12 
1
0 	23000	 0	  43863.0
1
0 	23000	 0	  43863.0
Link
Cu12 Cu18 
1
0 	23000	 0	  43863.0
1
0 	23000	 0	  43863.0
Link
Cu18 Cu7 
1
0 	23000	 0	  45651.0
1
0 	23000	 0	  45651.0
Link
Cu7 Cu18 
1
0 	23000	 0	  45651.0
1
0 	23000	 0	  45651.0
Link
Cu18 Cu6 
1
0 	23000	 0	  55902.0
1
0 	23000	 0	  55902.0
Link
Cu6 Cu18 
1
0 	23000	 0	  55902.0
1
0 	23000	 0	  55902.0
Link
Cu18 Cu13 
1
0 	23000	 0	  26926.0
1
0 	23000	 0	  26926.0
Link
Cu13 Cu18 
1
0 	23000	 0	  26926.0
1
0 	23000	 0	  26926.0
Link
Cu18 Cu14 
1
0 	23000	 0	  18028.0
1
0 	23000	 0	  18028.0
Link
Cu14 Cu18 
1
0 	23000	 0	  18028.0
1
0 	23000	 0	  18028.0
Link
Cu18 Cu23 
1
0 	23000	 0	  27586.0
1
0 	23000	 0	  27586.0
Link
Cu23 Cu18 
1
0 	23000	 0	  27586.0
1
0 	23000	 0	  27586.0
Link
Cu18 Cu17 
1
0 	23000	 0	  21190.0
1
0 	23000	 0	  21190.0
Link
Cu17 Cu18 
1
0 	23000	 0	  21190.0
1
0 	23000	 0	  21190.0
Link
Cu18 Cu22 
1
0 	23000	 0	  35511.0
1
0 	23000	 0	  35511.0
Link
Cu22 Cu18 
1
0 	23000	 0	  35511.0
1
0 	23000	 0	  35511.0
Link
Cu18 Cu21 
1
0 	23000	 0	  3000.0
1
0 	23000	 0	  3000.0
Link
Cu21 Cu18 
1
0 	23000	 0	  3000.0
1
0 	23000	 0	  3000.0
Link
Cu18 Cu18 
1
0 	23000	 0	  1000.0
1
0 	23000	 0	  1000.0
Link
Cu18 Cu18 
1
0 	23000	 0	  1000.0
1
0 	23000	 0	  1000.0
Link
Cu18 Cu20 
1
0 	23000	 0	  20000.0
1
0 	23000	 0	  20000.0
Link
Cu20 Cu18 
1
0 	23000	 0	  20000.0
1
0 	23000	 0	  20000.0
Link
Cu18 Cu19 
1
0 	23000	 0	  15133.0
1
0 	23000	 0	  15133.0
Link
Cu19 Cu18 
1
0 	23000	 0	  15133.0
1
0 	23000	 0	  15133.0
Link
Cu20 D0 
1
0 	23000	 0	  33541.0
1
0 	23000	 0	  33541.0
Link
D0 Cu20 
1
0 	23000	 0	  33541.0
1
0 	23000	 0	  33541.0
Link
Cu20 Cu15 
1
0 	23000	 0	  15620.0
1
0 	23000	 0	  15620.0
Link
Cu15 Cu20 
1
0 	23000	 0	  15620.0
1
0 	23000	 0	  15620.0
Link
Cu20 Cu16 
1
0 	23000	 0	  14142.0
1
0 	23000	 0	  14142.0
Link
Cu16 Cu20 
1
0 	23000	 0	  14142.0
1
0 	23000	 0	  14142.0
Link
Cu20 Cu10 
1
0 	23000	 0	  19723.0
1
0 	23000	 0	  19723.0
Link
Cu10 Cu20 
1
0 	23000	 0	  19723.0
1
0 	23000	 0	  19723.0
Link
Cu20 Cu11 
1
0 	23000	 0	  30000.0
1
0 	23000	 0	  30000.0
Link
Cu11 Cu20 
1
0 	23000	 0	  30000.0
1
0 	23000	 0	  30000.0
Link
Cu20 Cu5 
1
0 	23000	 0	  33377.0
1
0 	23000	 0	  33377.0
Link
Cu5 Cu20 
1
0 	23000	 0	  33377.0
1
0 	23000	 0	  33377.0
Link
Cu20 Cu9 
1
0 	23000	 0	  36797.0
1
0 	23000	 0	  36797.0
Link
Cu9 Cu20 
1
0 	23000	 0	  36797.0
1
0 	23000	 0	  36797.0
Link
Cu20 Cu3 
1
0 	23000	 0	  46098.0
1
0 	23000	 0	  46098.0
Link
Cu3 Cu20 
1
0 	23000	 0	  46098.0
1
0 	23000	 0	  46098.0
Link
Cu20 Cu4 
1
0 	23000	 0	  43012.0
1
0 	23000	 0	  43012.0
Link
Cu4 Cu20 
1
0 	23000	 0	  43012.0
1
0 	23000	 0	  43012.0
Link
Cu20 Cu1 
1
0 	23000	 0	  66400.0
1
0 	23000	 0	  66400.0
Link
Cu1 Cu20 
1
0 	23000	 0	  66400.0
1
0 	23000	 0	  66400.0
Link
Cu20 Cu2 
1
0 	23000	 0	  61033.0
1
0 	23000	 0	  61033.0
Link
Cu2 Cu20 
1
0 	23000	 0	  61033.0
1
0 	23000	 0	  61033.0
Link
Cu20 Cu8 
1
0 	23000	 0	  50090.0
1
0 	23000	 0	  50090.0
Link
Cu8 Cu20 
1
0 	23000	 0	  50090.0
1
0 	23000	 0	  50090.0
Link
Cu20 Cu12 
1
0 	23000	 0	  66287.0
1
0 	23000	 0	  66287.0
Link
Cu12 Cu20 
1
0 	23000	 0	  66287.0
1
0 	23000	 0	  66287.0
Link
Cu20 Cu7 
1
0 	23000	 0	  67186.0
1
0 	23000	 0	  67186.0
Link
Cu7 Cu20 
1
0 	23000	 0	  67186.0
1
0 	23000	 0	  67186.0
Link
Cu20 Cu6 
1
0 	23000	 0	  77621.0
1
0 	23000	 0	  77621.0
Link
Cu6 Cu20 
1
0 	23000	 0	  77621.0
1
0 	23000	 0	  77621.0
Link
Cu20 Cu13 
1
0 	23000	 0	  50249.0
1
0 	23000	 0	  50249.0
Link
Cu13 Cu20 
1
0 	23000	 0	  50249.0
1
0 	23000	 0	  50249.0
Link
Cu20 Cu14 
1
0 	23000	 0	  40311.0
1
0 	23000	 0	  40311.0
Link
Cu14 Cu20 
1
0 	23000	 0	  40311.0
1
0 	23000	 0	  40311.0
Link
Cu20 Cu23 
1
0 	23000	 0	  50537.0
1
0 	23000	 0	  50537.0
Link
Cu23 Cu20 
1
0 	23000	 0	  50537.0
1
0 	23000	 0	  50537.0
Link
Cu20 Cu17 
1
0 	23000	 0	  45044.0
1
0 	23000	 0	  45044.0
Link
Cu17 Cu20 
1
0 	23000	 0	  45044.0
1
0 	23000	 0	  45044.0
Link
Cu20 Cu22 
1
0 	23000	 0	  59615.0
1
0 	23000	 0	  59615.0
Link
Cu22 Cu20 
1
0 	23000	 0	  59615.0
1
0 	23000	 0	  59615.0
Link
Cu20 Cu21 
1
0 	23000	 0	  20881.0
1
0 	23000	 0	  20881.0
Link
Cu21 Cu20 
1
0 	23000	 0	  20881.0
1
0 	23000	 0	  20881.0
Link
Cu20 Cu18 
1
0 	23000	 0	  20000.0
1
0 	23000	 0	  20000.0
Link
Cu18 Cu20 
1
0 	23000	 0	  20000.0
1
0 	23000	 0	  20000.0
Link
Cu20 Cu20 
1
0 	23000	 0	  2000.0
1
0 	23000	 0	  2000.0
Link
Cu20 Cu20 
1
0 	23000	 0	  2000.0
1
0 	23000	 0	  2000.0
Link
Cu20 Cu19 
1
0 	23000	 0	  5385.0
1
0 	23000	 0	  5385.0
Link
Cu19 Cu20 
1
0 	23000	 0	  5385.0
1
0 	23000	 0	  5385.0
Link
Cu19 D0 
1
0 	23000	 0	  30806.0
1
0 	23000	 0	  30806.0
Link
D0 Cu19 
1
0 	23000	 0	  30806.0
1
0 	23000	 0	  30806.0
Link
Cu19 Cu15 
1
0 	23000	 0	  14765.0
1
0 	23000	 0	  14765.0
Link
Cu15 Cu19 
1
0 	23000	 0	  14765.0
1
0 	23000	 0	  14765.0
Link
Cu19 Cu16 
1
0 	23000	 0	  13928.0
1
0 	23000	 0	  13928.0
Link
Cu16 Cu19 
1
0 	23000	 0	  13928.0
1
0 	23000	 0	  13928.0
Link
Cu19 Cu10 
1
0 	23000	 0	  20616.0
1
0 	23000	 0	  20616.0
Link
Cu10 Cu19 
1
0 	23000	 0	  20616.0
1
0 	23000	 0	  20616.0
Link
Cu19 Cu11 
1
0 	23000	 0	  34482.0
1
0 	23000	 0	  34482.0
Link
Cu11 Cu19 
1
0 	23000	 0	  34482.0
1
0 	23000	 0	  34482.0
Link
Cu19 Cu5 
1
0 	23000	 0	  36000.0
1
0 	23000	 0	  36000.0
Link
Cu5 Cu19 
1
0 	23000	 0	  36000.0
1
0 	23000	 0	  36000.0
Link
Cu19 Cu9 
1
0 	23000	 0	  36056.0
1
0 	23000	 0	  36056.0
Link
Cu9 Cu19 
1
0 	23000	 0	  36056.0
1
0 	23000	 0	  36056.0
Link
Cu19 Cu3 
1
0 	23000	 0	  45486.0
1
0 	23000	 0	  45486.0
Link
Cu3 Cu19 
1
0 	23000	 0	  45486.0
1
0 	23000	 0	  45486.0
Link
Cu19 Cu4 
1
0 	23000	 0	  42942.0
1
0 	23000	 0	  42942.0
Link
Cu4 Cu19 
1
0 	23000	 0	  42942.0
1
0 	23000	 0	  42942.0
Link
Cu19 Cu1 
1
0 	23000	 0	  66038.0
1
0 	23000	 0	  66038.0
Link
Cu1 Cu19 
1
0 	23000	 0	  66038.0
1
0 	23000	 0	  66038.0
Link
Cu19 Cu2 
1
0 	23000	 0	  60902.0
1
0 	23000	 0	  60902.0
Link
Cu2 Cu19 
1
0 	23000	 0	  60902.0
1
0 	23000	 0	  60902.0
Link
Cu19 Cu8 
1
0 	23000	 0	  47170.0
1
0 	23000	 0	  47170.0
Link
Cu8 Cu19 
1
0 	23000	 0	  47170.0
1
0 	23000	 0	  47170.0
Link
Cu19 Cu12 
1
0 	23000	 0	  62097.0
1
0 	23000	 0	  62097.0
Link
Cu12 Cu19 
1
0 	23000	 0	  62097.0
1
0 	23000	 0	  62097.0
Link
Cu19 Cu7 
1
0 	23000	 0	  63246.0
1
0 	23000	 0	  63246.0
Link
Cu7 Cu19 
1
0 	23000	 0	  63246.0
1
0 	23000	 0	  63246.0
Link
Cu19 Cu6 
1
0 	23000	 0	  73682.0
1
0 	23000	 0	  73682.0
Link
Cu6 Cu19 
1
0 	23000	 0	  73682.0
1
0 	23000	 0	  73682.0
Link
Cu19 Cu13 
1
0 	23000	 0	  45706.0
1
0 	23000	 0	  45706.0
Link
Cu13 Cu19 
1
0 	23000	 0	  45706.0
1
0 	23000	 0	  45706.0
Link
Cu19 Cu14 
1
0 	23000	 0	  35903.0
1
0 	23000	 0	  35903.0
Link
Cu14 Cu19 
1
0 	23000	 0	  35903.0
1
0 	23000	 0	  35903.0
Link
Cu19 Cu23 
1
0 	23000	 0	  48260.0
1
0 	23000	 0	  48260.0
Link
Cu23 Cu19 
1
0 	23000	 0	  48260.0
1
0 	23000	 0	  48260.0
Link
Cu19 Cu17 
1
0 	23000	 0	  40311.0
1
0 	23000	 0	  40311.0
Link
Cu17 Cu19 
1
0 	23000	 0	  40311.0
1
0 	23000	 0	  40311.0
Link
Cu19 Cu22 
1
0 	23000	 0	  56824.0
1
0 	23000	 0	  56824.0
Link
Cu22 Cu19 
1
0 	23000	 0	  56824.0
1
0 	23000	 0	  56824.0
Link
Cu19 Cu21 
1
0 	23000	 0	  18028.0
1
0 	23000	 0	  18028.0
Link
Cu21 Cu19 
1
0 	23000	 0	  18028.0
1
0 	23000	 0	  18028.0
Link
Cu19 Cu18 
1
0 	23000	 0	  15133.0
1
0 	23000	 0	  15133.0
Link
Cu18 Cu19 
1
0 	23000	 0	  15133.0
1
0 	23000	 0	  15133.0
Link
Cu19 Cu20 
1
0 	23000	 0	  5385.0
1
0 	23000	 0	  5385.0
Link
Cu20 Cu19 
1
0 	23000	 0	  5385.0
1
0 	23000	 0	  5385.0
